04THT,730852.00N,0684059.00W
08YBK,634504.60N,1000002.47W
16YYQ,604627.33N,0995957.28W
32YZF,614500.57N,1100004.22W
4850N,480000.00N,0500000.00W
4950N,490000.00N,0500000.00W
5050N,500000.00N,0500000.00W
5150N,510000.00N,0500000.00W
5250N,520000.00N,0500000.00W
5350N,530000.00N,0500000.00W
53YRT,605100.00N,1000000.00W
5595N,550000.00N,0950000.00W
5850N,580000.00N,0500000.00W
5890N,580000.00N,0900000.00W
5950N,590000.00N,0500000.00W
63YBK,621456.50N,0995943.43W
66YBK,651453.68N,0895957.59W
6860N,680000.00N,0600000.00W
69YEK,574214.97N,0882029.57W
70N05,700000.00N,1050000.00W
7580N,750000.00N,0800000.00W
8083N,800000.00N,0830000.00W
ABCID,43221.00N,791942.00W
ABCOT,45236.00N,733749.00W
ABENY,54156.00N,113433.00W
ABNEE,45338.00N,741121.00W
ACKIN,545728.00N,1152826.00W
ACO59,420255.32N,0813515.60W
ADRAX,455731.00N,661154.00W
ADREX,591749.00N,1074137.00W
ADSAM,695516.13N,0631311.62W
ADSED,434918.4342N,0794901.1498W
ADSIT,51722.00N,1134739.00W
ADSIX,4970.00N,122300.00W
ADSUR,504118.00N,73156.00W
ADUIM,52381.00N,1141447.00W
ADVEG,482041.00N,71837.00W
ADVIV,441016.08N,0772430.59W
AFINS,5106.00N,1204111.00W
AGBUT,444452.00N,794643.00W
AGDAN,505341.00N,1134144.00W
AGGUA,501515.00N,1245955.00W
AGLIN,453011.00N,751547.00W
AGNEX,45363.00N,77611.00W
AGPAL,543144.00N,1304646.00W
AIRIE,524648.00N,1231147.00W
AJAX,502907.10N,1044410.03W
ALBRO,505650.00N,1143557.00W
ALDDA,49330.00N,1162040.00W
ALEXS,454354.00N,733911.00W
ALGAR,56056.00N,112546.00W
ALIVE,542147.00N,122953.00W
ALKAP,622734.00N,106210.00W
ALKOB,512848.00N,64127.00W
ALKOG,50146.00N,974351.00W
ALLEX,44250.00N,6700.00W
ALMAR,435913.38N,0774405.69W
ALMEX,48269.00N,90325.00W
ALOET,454623.00N,74293.00W
ALOHA,514712.00N,1172446.00W
ALOMO,511852.00N,1124536.00W
ALPIM,572747.00N,1102616.00W
ALRUG,52840.00N,116426.00W
ALSAB,613056.00N,11000.00W
ALSAK,6400.00N,7000.00W
ALSAV,553538.9361N,1110925.005W
ALSED,50180.00N,1183460.00W
ALSES,541330.00N,1055430.00W
ALTIX,493848.829N,1244641.959W
ALTUB,53299.00N,604235.00W
ALVYN,49374.00N,1224223.00W
AMASS,61217.00N,683057.00W
AMBIL,501515.00N,974939.00W
AMBOF,464125.00N,632310.00W
AMBRO,495924.00N,1202126.00W
AMERT,443939.00N,775317.00W
ANC02,601240.13N,1401036.81W
ANC30,601208.03N,1395452.66W
ANC33,600732.85N,1390946.59W
ANC39,594304.00N,1354533.34W
ANC77,601815.90N,1405956.54W
ANC92,601532.64N,1403019.04W
ANCER,483330.00N,692518.00W
ANCOL,431231.00N,80057.00W
ANDEE,493849.00N,115815.00W
ANDRE,494849.00N,675943.00W
ANJER,492738.00N,11857.00W
ANN01,543817.92N,1305811.93W
ANN02,543045.00N,1313858.99W
ANN11,544122.69N,1310234.99W
ANN26,544134.57N,1311057.66W
ANSAR,484021.00N,684126.00W
ANTLR,49425.00N,1221416.00W
ANTUR,491229.00N,845515.00W
ANVAP,49419.00N,1241720.00W
APDIN,485912.00N,544960.00W
APMAL,615222.00N,13000.00W
APNEL,452059.00N,821342.00W
AQUIN,494437.00N,1234026.00W
ARAME,511956.00N,672752.00W
ARDEE,45724.00N,642310.00W
ARGUS,445642.98N,0643900.67W
ARMAC,491139.00N,1234935.00W
AROUK,541642.00N,1142618.00W
ARRUE,49423.00N,124747.00W
ARTHR,434453.00N,803317.00W
ARVEE,62520.00N,7400.00W
ASHTN,451155.00N,755529.00W
ATENE,46144.00N,701621.00W
ATHLO,513109.00N,1134313.00W
ATHUR,50034.00N,1171218.00W
ATLAN,464536.00N,57656.00W
ATUKO,4700.00N,764113.00W
ATUNA,502223.00N,1263151.00W
ATUSA,44443.00N,79035.00W
AVOKU,6000.00N,9000.00W
AVTAK,455818.00N,76198.00W
AVUMU,485744.00N,12554.00W
AVVON,451424.00N,745920.00W
AXAVO,441612.00N,771614.00W
AXILI,5000.00N,11000.00W
AXOBU,425639.00N,822342.00W
AXUBI,59420.00N,1323835.00W
AXXIS,424950.00N,815860.00W
AYROU,651854.00N,6400.00W
BACCY,440314.95N,0773755.29W
BACHO,504939.00N,113445.00W
BACMO,4800.00N,8410.00W
BACOS,52325.00N,1133821.00W
BAFAL,485548.00N,815415.00W
BAGLE,46530.00N,665413.00W
BAILS,473621.00N,53753.00W
BAIRS,511146.00N,1135058.00W
BAJOL,491833.00N,123289.00W
BALOR,50146.00N,119138.00W
BAMPS,621919.00N,116122.00W
BANCS,45390.00N,52610.00W
BANJO,450255.76N,0651003.42W
BANNE,54557.00N,1303816.00W
BAREE,48849.00N,69180.00W
BARIE,50550.00N,1135323.00W
BASRA,49159.00N,123023.00W
BEATE,43359.00N,793339.00W
BEFAN,494816.00N,975911.00W
BEJAT,435323.00N,783926.00W
BEJAW,571424.00N,1124930.00W
BEMOX,632241.00N,13000.00W
BENAX,62294.00N,11000.00W
BEPEG,6300.00N,7000.00W
BEPIT,515042.00N,1133529.00W
BEPUP,46420.00N,823322.00W
BERUS,6300.00N,6300.00W
BESEM,454623.00N,73192.00W
BESIL,45565.00N,77816.00W
BETUM,50460.00N,116310.00W
BEVEG,541049.00N,110722.00W
BEVEL,49300.00N,11000.00W
BEZED,64520.00N,6700.00W
BIBEM,624019.00N,14100.00W
BIBOX,66048.00N,12400.00W
BIGBE,44760.00N,803658.00W
BILII,49115.00N,881542.00W
BILNO,495843.00N,974457.00W
BILPA,46255.00N,822557.00W
BILSI,641855.00N,1164333.00W
BIMRO,430141N,0801900W
BINGA,57427.00N,12500.00W
BINLO,61458.00N,1032752.00W
BIRLA,503460.00N,9740.00W
BISPO,565616.00N,115541.00W
BITRO,6709.00N,13500.00W
BIVGO,45390.00N,751154.00W
BLAKK,46233.00N,722458.00W
BOBBS,5106.00N,615957.00W
BOBNO,533139.00N,1122441.00W
BOBRA,461428.00N,763213.00W
BOBTU,440702.00N,0524920.00W
BODRA,621658.00N,8000.00W
BOFIN,48433.00N,933140.00W
BOGGI,49831.00N,1224729.00W
BOGGY,50152.00N,1042425.00W
BOGSO,45132.00N,822553.00W
BOINE,494947.98N,0971525.09W
BOJAM,52616.00N,1174253.00W
BOKMA,543110.00N,1313856.00W
BOLMO,435436N,0800309W
BONAK,5300.00N,13400.00W
BONDE,471552.00N,834334.00W
BOOPY,50557.00N,1243531.00W
BOOTH,493120.00N,122242.00W
BOPUT,685733.97N,0615628.21W
BORAN,613752.00N,14100.00W
BORDN,442056.00N,801941.00W
BORNE,424744.00N,814031.00W
BORUB,523221.00N,63724.00W
BOSAM,4530.00N,73550.00W
BOTAD,583811.00N,1315933.00W
BOTER,634520.00N,1125735.00W
BOTHA,574044.00N,1183758.00W
BOVEX,423543.00N,812517.00W
BOVOD,441740.00N,771344.00W
BRADD,4390.00N,6700.00W
BRETN,443413.00N,79130.00W
BRIDG,47847.00N,591617.00W
BRIOL,4967.00N,1232939.00W
BROKK,421953.00N,813455.00W
BROME,53300.00N,6700.00W
BRYAN,445619.74N,0651045.65W
BRYGE,504145.00N,123614.00W
BUBIX,491939.00N,672229.00W
BUICK,484836.00N,12386.00W
BULIE,501614.00N,120438.00W
BURWA,461124.00N,803433.00W
BUYKK,415718.00N,82164.00W
CAAPE,45180.00N,651746.00W
CABRA,54546.00N,1123846.00W
CACHO,545414.00N,1123410.00W
CADIL,47447.00N,602528.00W
CAFTA,511743.00N,129519.00W
CAINN,511812.00N,114136.00W
CAJEN,553218.00N,1212414.00W
CALCI,60220.00N,1161629.00W
CALER,51818.00N,1134518.00W
CALLY,55754.00N,1132322.00W
CALON,43543.00N,80749.00W
CAMRA,53151.00N,1123029.00W
CAMZO,484658.00N,123328.00W
CANEL,675901.88N,0604550.49W
CANIG,61632.00N,101743.00W
CANOP,5144.00N,1143529.00W
CANRY,49858.00N,1232012.00W
CANSO,48942.00N,80447.00W
CANYO,602531.00N,132245.00W
CARAC,430000.00N,0600000.00W
CAROT,49548.00N,822058.00W
CARPE,530500.00N,0540500.00W
CARSO,491634.00N,97058.00W
CASDY,49425.00N,1235841.00W
CASSL,523234.00N,1224455.00W
CASTR,48520.00N,664960.00W
CATOG,45551.00N,72531.00W
CAUGA,492811.00N,121237.00W
CEDRE,432527.00N,80439.00W
CEESE,494012.00N,1233652.00W
CEFOR,433716.00N,8183.00W
CEFOU,474414.00N,6900.00W
CELAR,451350.00N,762658.00W
CERAW,443919.00N,761515.00W
CETTY,445534.00N,64529.00W
CHACE,504058.00N,1194020.00W
CHAPO,645822.00N,14100.00W
CHAPT,502852.00N,1202029.00W
CHARN,545323.00N,8000.00W
CHATM,482718.00N,1231352.00W
CHICA,485159.00N,851611.00W
CHIPE,532214.00N,1153338.00W
CHITE,50247.00N,11698.00W
CHUBB,532621.00N,122333.00W
CILLI,49350.00N,1212343.00W
CITOP,501013.00N,1143019.00W
CLANK,563427.00N,1123728.00W
CLAYR,45479.00N,66527.00W
COALE,602719.00N,1351027.00W
COALL,8000.00N,14100.00W
COGLA,472624.00N,825724.00W
COGLE,49436.00N,1223354.00W
COHIL,60631.00N,13900.00W
COHOE,495626.00N,1252450.00W
COLOR,464024.00N,523050.00W
COLTS,425749.00N,791914.00W
COMAU,452233.00N,7412.00W
COMPR,514511.00N,11000.00W
CONDI,483420.00N,1232019.00W
CONER,50956.00N,1151458.00W
COPAR,452711.00N,62041.00W
COPUR,59420.00N,6700.00W
CORMO,503233.00N,1265849.00W
COTLO,68527.00N,12500.00W
COUTS,4900.00N,1121730.00W
COWLE,493653.00N,114218.00W
CRABB,421248.00N,0654512.00W
CROCE,452518.00N,801213.00W
CRONO,512245.00N,0524250.00W
CROSY,512954.00N,1135244.00W
CUDAS,423724.00N,64146.00W
CUTTL,485054.00N,93822.00W
CYMON,49430.00N,5500.00W
CYRIL,445814.00N,751759.00W
DACEY,593337.00N,126432.00W
DACIL,425355.00N,81279.00W
DAFLU,422244.00N,824119.00W
DAGTY,52923.00N,114443.00W
DALDE,52193.00N,101849.00W
DALLY,513646.00N,1144634.00W
DANNY,451554.00N,81925.00W
DAPAK,73450.00N,7000.00W
DARKE,511342.00N,1131439.00W
DARLI,55126.00N,1204854.00W
DARUB,6700.00N,6000.00W
DARWN,501844.00N,1133940.00W
DASBI,492936.00N,118342.00W
DASPO,70222.00N,12500.00W
DATOT,473820.00N,531213.00W
DAVII,543835.00N,1222839.00W
DAVON,5495.00N,1241424.00W
DAXER,61460.00N,72480.00W
DAYSE,464742.00N,583621.00W
DEDGO,49296.00N,96270.00W
DEGMO,48154.00N,781342.00W
DEGVA,495416.00N,94557.00W
DEKMO,88521.00N,14100.00W
DELBR,52516.00N,1132917.00W
DEMKO,445451.00N,794551.00W
DENDU,503013.00N,5247.00W
DENGA,432824.00N,815833.00W
DERLI,691960.00N,10000.00W
DESDN,423124.00N,821524.00W
DETBA,541620.00N,1142612.00W
DICEN,46480.00N,721720.00W
DISCO,48241.00N,1231041.00W
DKK03,424224.35N,0791740.55W
DKK23,423058.16N,0794729.49W
DKK35,422424.09N,0800313.86W
DOGGS,422339.00N,81453.00W
DOLFF,481960.00N,12800.00W
DOLFN,421247.00N,813913.00W
DOLLR,492012.00N,1225618.00W
DOPHN,443318.00N,0552900.00W
DOTTY,503760.00N,553460.00W
DOWNS,495749.98N,0971918.09W
DRAGO,525436.00N,1221660.00W
DROME,424329.00N,822351.00W
DUGGS,5325.00N,1293012.00W
DUGNO,603939.00N,8000.00W
DUGSA,50942.00N,1052129.00W
DUKPA,6599.00N,11000.00W
DUNCN,48510.00N,1233924.00W
DUNEX,494543.00N,971620.00W
DUNOR,531522.00N,601513.00W
DUPAB,45419.00N,743847.00W
DUPEV,643424.00N,13000.00W
DUPOD,493755.00N,1235513.00W
DURAK,50841.00N,120250.00W
DURIL,5000.00N,883160.00W
DUROT,58227.00N,1082657.00W
DUSMA,53420.00N,8000.00W
DUSOB,601817.00N,13000.00W
DUSUB,43450.00N,781960.00W
DUSUT,423858.00N,812318.00W
DUTAX,494042.00N,1154657.00W
DUTEV,441430.00N,77198.00W
DUTOK,484552.00N,1234347.00W
DUTOR,441315.52N,0771716.38W
DUTUM,63520.00N,6700.00W
DUVAG,483327.00N,684820.00W
DUVER,6000.00N,9300.00W
DUVIN,434222.00N,6700.00W
DUVNO,513852.00N,113407.00W
DUXAR,564616.00N,1292540.00W
DYSON,503437.00N,1143958.00W
EAGLE,531616.89N,0600027.03W
EBDOG,475927.00N,783851.00W
EBDUS,442923.00N,773731.00W
EBGUT,632917.00N,1143057.00W
EBLOG,445727.96N,0650354.01W
EBMAS,502114.00N,1114838.00W
EBNYR,454528.00N,752336.00W
EDTIN,592803.00N,1015522.00W
ELEKA,450103.96N,0650330.56W
ELERI,423428.00N,642324.00W
ELERO,511848.00N,114116.00W
ELIDI,50026.00N,1233655.00W
ELKIE,543240.00N,1204627.00W
ELLMA,584300.00N,0675600.00W
ELSON,5010.00N,972337.00W
ELTAX,515725.00N,1053542.00W
ELTEB,450231.68N,0644717.01W
ELTEX,565357.00N,12500.00W
ELUNA,53412.00N,1143710.00W
ELVEL,5100.00N,9000.00W
ELVUX,501045.00N,965255.00W
EMADI,445735.90N,0644556.78W
EMBRO,43534.00N,804731.00W
EMETO,492448.00N,1194727.00W
EMLOX,485254.00N,124812.00W
EMUDU,534614.00N,12309.00W
EPINE,554330.00N,1211643.00W
EPLED,663310.00N,11000.00W
EPLUR,515030.00N,1133521.00W
EPMAL,482234.00N,683550.00W
EPMAN,6600.00N,6000.00W
EPSEP,441823.00N,772332.00W
EPTIR,575424.00N,1022218.00W
EPTIV,5200.00N,13300.00W
EPVOT,535219.00N,942543.00W
ERI29,421646.08N,0805019.57W
ERI49,420954.99N,0812055.38W
ERRTH,421122.00N,81569.00W
ERVYN,493148.00N,117230.00W
ESVUP,43445.00N,805255.00W
ETCHL,43215.00N,812415.00W
ETMAT,485123.00N,8978.00W
EXPOS,520000N,0670000W
FADIM,60413.00N,1161524.00W
FANES,643460.00N,14100.00W
FANOL,452624.00N,752316.00W
FAREN,50958.00N,995231.00W
FARNS,504514.00N,1152345.00W
FASBO,492227.00N,1232249.00W
FASSA,58420.00N,6700.00W
FAXTO,49436.00N,1232937.00W
FC036,455225.39N,0663226.28W
FEDDY,61420.00N,6700.00W
FELKO,503424.00N,1194159.00W
FELTN,483954.00N,89536.00W
FENEL,502728.00N,1264520.00W
FERNO,513851.00N,925221.00W
FERRY,491130.00N,1223149.00W
FIGGI,541614.00N,1215914.00W
FILLE,51258.00N,112838.00W
FINBO,491632.00N,116132.00W
FINGL,424524.00N,811922.00W
FINGS,50150.00N,127340.00W
FINNI,4904.00N,574426.00W
FIRNI,493512.00N,115822.00W
FIRON,455036.00N,744259.00W
FLEUR,465918.00N,702746.00W
FLINE,4409.00N,795941.00W
FLOON,51018.00N,1204218.00W
FOBOP,45813.00N,73149.00W
FOCHE,49356.00N,1244748.00W
FOLDY,4935.00N,1204242.00W
FORKS,495001.98N,0970839.08W
FORTE,461649.00N,573936.00W
FOWEL,42365.00N,80930.00W
FOXXE,542911.00N,591718.00W
FRALK,465537.00N,805260.00W
FRANT,640638.00N,1250000.00W
FRANX,45158.00N,741228.00W
FRASE,491330.00N,1224712.00W
FRAZR,51370.00N,62430.00W
FREND,551737.00N,1222954.00W
FRENN,455560.00N,661112.00W
FROSS,48912.00N,611427.00W
FRUMP,433018.00N,81392.00W
FUDGY,52137.00N,11000.00W
FYNCH,45624.00N,751123.00W
GABAL,50028.00N,123131.00W
GABET,532748.00N,1132454.00W
GABIN,495643.00N,1205752.00W
GABOL,50551.00N,114117.00W
GABRO,631338.00N,11000.00W
GABUL,591358.00N,13000.00W
GABVO,49451.00N,1215047.00W
GADAL,47548.00N,71442.00W
GADEB,621754.00N,114253.00W
GADRU,52820.00N,9000.00W
GAHAM,621458.00N,14100.00W
GARRE,495421.00N,1222757.00W
GELLE,523231.00N,114858.00W
GELLS,512054.00N,722958.00W
GERTY,49120.00N,93300.00W
GIBAC,49296.00N,1234252.00W
GIBBY,473645.00N,525955.00W
GLACE,501121.00N,1222552.00W
GLACR,493938.71N,1250818.84W
GOATE,492651.00N,119533.00W
GOEFR,49294.00N,122491.00W
GOKPE,483256.40N,0934521.63W
GOLFE,521550.00N,63266.00W
GOMAC,421840.00N,825432.00W
GONNE,415023.00N,0820303.00W
GONUK,541834.00N,1131960.00W
GOOSS,424050.00N,82014.00W
GOPEV,434360.00N,785260.00W
GORAK,49570.00N,104760.00W
GOREK,604410.00N,114535.00W
GOROV,591821.00N,13302.00W
GOSAR,444810.00N,772756.00W
GOSIN,485512.00N,542550.00W
GOTOL,594448.00N,1184716.00W
GOVAB,49360.00N,99580.00W
GOVAT,483212.00N,784625.00W
GOVIR,44333.00N,773746.00W
GOVIT,493240.00N,954856.00W
GRAMP,49400.00N,8000.00W
GRAND,554212.00N,8000.00W
GRASE,494512.00N,1195110.00W
GRAVO,5000.00N,874060.00W
GRAYY,454447.00N,564234.00W
GRETO,513240.00N,1131250.00W
GRIBS,61300.00N,6300.00W
GRIBY,474518.00N,861536.00W
GRIMS,43748.00N,794353.00W
GROME,584454.00N,1145954.00W
GRONG,532232.00N,1141920.00W
GRUPI,43520.00N,585018.00W
GUBAK,6000.00N,8700.00W
GUCHY,502710.00N,120322.00W
GUNN,450510.14N,0644117.30W
GUPEY,51420.00N,134150.00W
HADAR,422154.00N,82292.00W
HADER,49815.00N,1232943.00W
HAGLE,511234.00N,100958.00W
HALAM,543012.00N,133144.00W
HALBY,431120.00N,805231.00W
HANDA,50541.00N,1144747.00W
HANRY,543623.00N,131536.00W
HANSI,5116.00N,1141812.00W
HARAS,491644.00N,122251.00W
HARBO,473542.00N,532121.00W
HARUN,664629.00N,12500.00W
HAVOK,430115N,0813612W
HAYDN,502759.00N,1141255.00W
HEADD,482023.00N,705047.00W
HECKK,521314.00N,0532206.00W
HEDDE,49107.00N,122535.00W
HEGEL,423456.00N,812858.00W
HEIMS,434040.00N,811525.00W
HEIRE,50541.00N,123352.00W
HELMO,56052.00N,745959.00W
HEMMI,45336.00N,553157.00W
HEMPP,513129.00N,1143657.00W
HENDY,51715.00N,741441.00W
HENRI,51134.00N,1134542.00W
HENSL,433136.00N,813312.00W
HIDIG,444044.00N,64113.00W
HIDIN,544929.00N,120051.00W
HIMEZ,415058.00N,82124.00W
HINGE,572432.00N,645957.00W
HITOR,4956.00N,61420.00W
HODEV,484402.75N,0933857.15W
HOGAR,592118.00N,1163939.00W
HOKKE,45343.00N,743231.00W
HOSTE,45442.00N,781529.00W
HOWSE,54948.00N,1201011.00W
HOWZR,50324.00N,116164.00W
HUH10,490007.20N,1224901.58W
HUH3,485942.45N,1223426.25W
HUMEK,502116.00N,1191819.00W
HUMUS,45429.00N,74429.00W
HUSAR,51419.00N,1124138.00W
HUTON,535125.00N,1214124.00W
HUXLY,445439.00N,753817.00W
HWTCC,544151.00N,1311337.00W
ICOLA,501010.00N,120218.00W
IDNEY,483832.00N,1232416.00W
IGRUG,465246.25N,0711103.84W
IGSEL,581339.00N,12500.00W
IGTAD,452943.5127N,0752906.9113W
IGTAS,45450.00N,625936.00W
IGVER,432248.00N,81826.00W
IKBAK,494634.00N,1212338.00W
IKBOG,441038.00N,771445.00W
IKBUN,48480.00N,56356.00W
IKDON,494940.836N,0971450.096W
IKDUN,43582.00N,77473.00W
IKMAN,62300.00N,6300.00W
IKMOR,474156.09N,0525303.71W
IKMUS,53597.00N,123352.00W
IKNAL,581551.00N,67435.00W
IKNAR,471135.00N,74931.00W
ILATU,61358.00N,1221960.00W
ILERU,473659.81N,0523603.83W
ILIBA,443460.00N,763760.00W
ILIDI,5415.00N,944936.00W
ILISI,54392.00N,1102359.00W
ILISU,50216.00N,1055319.00W
ILIXU,44160.00N,77240.00W
ILUGO,501915.00N,732247.00W
IMAMO,485948.00N,544728.00W
INHAM,490306.00N,1252730.00W
IRBIM,583912.00N,0603157.44W
IRGIP,600239.08N,1341030.50W
IRLAB,540058.20N,1224212.60W
IRLAV,575830.00N,0800000.00W
ISTON,430912.92N,0790412.04W
ITGAV,510000.00N,1320000.00W
ITNOT,614318.00N,1133826.80W
JAGIT,605734.00N,1410000.00W
JAINE,493105.00N,1241719.00W
JANEK,494033.40N,1222935.53W
JANOA,445746.00N,0780915.00W
JAROM,441000.00N,0545300.00W
JARRO,480000.18N,0832559.62W
JARVS,424422.17N,0800734.34W
JEBBY,430420.00N,0575205.00W
JEDII,530500.00N,1125630.00W
JELCO,604200.00N,0670000.00W
JESRU,745648.00N,1410000.00W
JEVON,530925.20N,1132049.20W
JFN54,415341.75N,0815621.05W
JIBNA,415453.00N,0822430.00W
JIGGS,472512.00N,0594812.00W
JIMMS,511930.00N,1311748.00W
JINNA,545630.00N,1181536.00W
JLGON,423446.25N,0812551.86W
JNB39,433938.50N,0793723.51W
JOFFS,454448.00N,0820024.00W
JORJA,491343.20N,1233236.60W
JOVIE,541000.38N,0665957.47W
JOVIN,491144.31N,0952233.45W
JOWEN,540500.00N,1343000.00W
JULET,724542.00N,0683930.00W
JULLY,492830.00N,1190624.00W
JUNIS,464718.00N,0764806.00W
JURGO,450344.31N,0743638.62W
KAGLY,633000.00N,0630000.00W
KAIIN,522023.00N,0964242.00W
KALLU,513529.00N,0945549.00W
KALTS,533718.00N,1334818.00W
KANEE,494854.00N,1172630.00W
KANNI,423800.00N,0670000.00W
KANOO,512816.00N,1221613.00W
KANUR,452412.00N,0750830.00W
KAPUX,450448.00N,0794500.00W
KASIX,494659.00N,1133300.00W
KATEN,490001.00N,1060000.00W
KATNO,674500.00N,1100000.00W
KATSY,430132.16N,0804707.40W
KAVPO,542954.60N,0664620.40W
KAXOM,511435.75N,1131009.39W
KEBAX,494807.20N,0964543.80W
KEBIR,455114.22N,0663517.01W
KEBVA,604000.00N,0900000.00W
KEDEK,574325.01N,1072618.08W
KEDGE,501336.00N,0991842.00W
KEEHO,415503.46N,0814951.36W
KEGLU,562424.00N,0900000.00W
KEINN,494859.00N,1234356.00W
KELMU,591012.00N,0800000.00W
KELSY,502718.00N,1260400.00W
KELVI,450225.99N,0741253.99W
KEMDU,502551.00N,1064427.00W
KEMSA,565018.00N,0800000.00W
KENDI,434146.00N,0790015.00W
KENGA,531706.00N,1130812.00W
KENKI,650000.00N,0630000.00W
KENPA,444742.00N,0822336.00W
KENPU,622531.82N,0900000.00W
KENRI,590000.00N,0605236.00W
KEPKA,455416.20N,0733943.80W
KEPKO,500000.00N,1310000.00W
KEPNA,494428.00N,1202150.00W
KERGI,492748.00N,1241006.00W
KERNU,481030.00N,0780712.00W
KESDA,590442.80N,1200000.00W
KESTA,491500.00N,1210000.00W
KETKI,502200.00N,1054200.00W
KETLO,623042.60N,1145118.69W
KETTL,495900.00N,1181906.00W
KEVBO,565518.00N,1040000.00W
KEVGI,535012.81N,0941958.73W
KEVLU,442050.00N,0640658.00W
KEVNA,510000.00N,1263000.00W
KEVNO,713500.00N,0900000.00W
KEVPO,580136.32N,1300000.00W
KICKS,442041.00N,0802750.00W
KISKK,551248.00N,1204600.00W
KISUT,452213.80N,0754557.00W
KITAR,600000.00N,1350000.00W
KITAV,635057.95N,1225000.00W
KITOK,430124.00N,0815518.00W
KITOL,703000.00N,1350000.00W
KL90,542907.86N,0692212.04W
KLANT,441207.01N,0820902.01W
KLIPS,574200.00N,0670000.00W
KLOPS,433540.43N,0784739.89W
KNEIL,495536.00N,1150836.00W
KOBEV,494010.00N,0512801.00W
KONCH,514800.00N,0601300.00W
KRAKE,452000.00N,0741836.00W
KRANG,485817.83N,0942923.24W
KSDRD,475630.40N,0872528.90W
KUPAN,534448.57N,1133047.48W
KYUGA,425949.18N,0800357.33W
LABRE,464506.92N,0695607.86W
LACTO,511318.00N,0934206.00W
LAFIT,451452.00N,0742739.00W
LAKES,575954.42N,0631556.79W
LANNE,491648.00N,1223906.00W
LANRK,445932.00N,0762235.00W
LEATS,514230.00N,1012512.00W
LEFAL,494200.00N,1164930.00W
LENIK,500331.80N,0971209.60W
LENIM,754938.10N,0752711.37W
LENOT,673000.00N,1000000.00W
LENUG,473149.40N,0523906.58W
LEPEN,454519.05N,0743321.97W
LEPET,562535.90N,1201615.72W
LEPOP,480424.00N,0684142.00W
LEPOR,491312.52N,0723731.89W
LERAK,440315.57N,0783100.96W
LEROS,450128.80N,0632210.80W
LERUP,535735.61N,1134056.61W
LESUB,430100.00N,0803259.00W
LESUG,485109.04N,0893242.89W
LETOG,501500.00N,1283818.00W
LETOV,610100.47N,1300000.00W
LETRM,555346.00N,1114549.00W
LEVAD,485321.00N,0541712.00W
LEVIS,464726.37N,0710927.55W
LEXAK,472400.00N,0532442.00W
LEXOD,483100.00N,0662000.00W
LEXON,550756.00N,1120906.00W
LIAND,450404.00N,0715527.00W
LIANO,485326.50N,1231945.56W
LIBEN,594810.20N,0772421.00W
LIBOG,492748.00N,1235900.00W
LIBUG,593000.00N,1134612.82W
LIDEB,681500.00N,1100000.00W
LIDEX,520809.60N,1064025.80W
LIDIT,634600.00N,0740000.00W
LIDON,562034.74N,1053438.96W
LIDUL,530319.00N,1221829.00W
LIEKY,524513.00N,1213916.00W
LINNG,431810.00N,0792117.00W
LINSY,442246.00N,0784501.00W
LIRLI,501400.00N,1051700.00W
LITGO,560818.63N,1025648.71W
LITRO,532148.00N,0900000.00W
LLEEO,415032.70N,0823723.01W
LOACH,553100.00N,0570100.00W
LOBTO,502000.00N,1055300.00W
LOCAN,493042.00N,1173306.00W
LODMI,600000.00N,0884500.00W
LOGLI,450424.00N,0742854.00W
LOGSU,484633.00N,0510000.00W
LOHIL,545024.00N,0690000.00W
LOKBU,460611.93N,0731441.58W
LOKTI,430401.80N,0811123.40W
LOLVI,453222.32N,0741242.75W
LOMPI,440000.00N,0570000.00W
LOMTA,571212.00N,0623712.00W
LONGU,592313.40N,1000000.00W
LONRO,523724.00N,1180930.00W
LOONY,503007.00N,1141722.00W
LOPGO,503300.00N,0965000.00W
LOPRO,484321.00N,0574213.00W
LOPVI,591600.00N,0641500.00W
LORKA,453938.00N,0760409.00W
LORMO,584648.00N,0900000.00W
LORNA,513924.00N,1100000.00W
LORNE,484024.00N,0812418.00W
LORVO,512924.00N,1214456.00W
LOYED,450449.00N,0794142.00W
LUBIC,562254.00N,1153012.00W
LUMBY,502130.00N,1153742.00W
LUNGE,473319.14N,0802722.21W
LYTON,501458.98N,1215042.61W
MAARS,420518.00N,0822910.46W
MACAR,492833.00N,1241043.00W
MADYN,512942.00N,1141558.00W
MAIPL,491436.00N,1223212.00W
MAIRE,454230.00N,0730725.00W
MALPE,464320.00N,0632415.00W
MALPY,511318.00N,1185706.00W
MALTN,434306.00N,0794024.00W
MANUP,520242.00N,0900000.00W
MAVOD,450400.00N,0765224.00W
MAZNA,445715.00N,0770925.00W
MCKEE,564018.48N,0665957.22W
MEDPA,723940.00N,0674248.00W
MEETO,533536.00N,1072124.00W
MEMSO,524800.00N,0750000.00W
MENKI,564733.26N,1044159.95W
MERBA,614248.00N,1150000.00W
MERCH,571218.00N,1192436.00W
MEREE,610518.15N,1201859.18W
MERKA,540554.00N,0900000.00W
MERTO,435236.00N,0763624.00W
MERYT,495630.00N,1205742.00W
MESBO,544857.31N,1175114.50W
MESDA,434957.00N,0781143.00W
MESKA,505501.20N,1140911.40W
METPA,530022.00N,1345016.00W
MIBNA,600500.00N,0800000.00W
MIBNO,603500.00N,0623200.00W
MIBTI,512636.00N,1211245.00W
MICHE,451518.00N,0734329.99W
MIDVI,502500.00N,1054900.00W
MIGLI,493133.00N,0581448.00W
MIILS,465224.18N,0670251.91W
MIKWA,575100.00N,1144218.00W
MILLS,491424.00N,1225406.00W
MIPOT,532525.20N,1134733.60W
MISAX,503000.00N,0900000.00W
MITEK,534600.00N,1295046.00W
MITOM,581914.70N,1313202.90W
MIVAX,472621.20N,0700933.51W
MIVIP,471130.00N,0701536.00W
MOATT,580131.00N,0595540.00W
MOAWK,424501.00N,0795059.00W
MOBIK,494756.59N,1245818.01W
MOBRY,554600.00N,1214454.00W
MODAS,481750.00N,0684334.00W
MODDY,492147.88N,1225017.74W
MODUL,433547.40N,0793106.00W
MOFAT,491048.21N,0725958.52W
MOGAG,511541.99N,0821548.01W
MOGOT,510224.00N,1141212.00W
MOGUS,491712.00N,1223248.00W
MONKK,451301.00N,0804016.00W
MOODY,451640.14N,0754459.85W
MOONN,422209.64N,0822707.14W
MOORR,495618.00N,1190222.00W
MOOTO,535239.12N,1134208.45W
MOOZE,552030.00N,1211254.00W
MOWND,452236.00N,0663926.00W
MT80,510721.10N,0741513.29W
MUNBI,480637.80N,0781830.60W
MUNBO,520727.00N,0644759.00W
MUPUX,443848.00N,0773242.00W
MURLO,440523.00N,0555540.00W
MUROP,460651.00N,0721230.00W
MURUM,434000.00N,0785800.00W
MUSCA,415457.28N,0830025.56W
MUSKK,502552.00N,0994806.00W
MUSPO,422707.51N,0645143.23W
MUSVA,640000.00N,0630000.00W
MUXAT,573825.30N,1303452.30W
MUXOV,535109.60N,1230134.20W
MUZON,495800.00N,1235106.00W
MYPAL,424956.00N,0791827.98W
N5536,553600.00N,1000000.00W
N5920,592000.00N,1000000.00W
N6000,600000.00N,0814400.00W
N6011,600000.00N,1100000.00W
N6014,601405.69N,1000005.32W
N6030,603000.00N,0900000.00W
N6111,610000.00N,1100000.00W
N6130,613000.00N,1000000.00W
N6145,614500.00N,1100000.00W
N6215,621500.00N,1000000.00W
N6250,625000.00N,0900000.00W
N6300,630000.00N,1000000.00W
N6324,632400.45N,0900006.59W
N6330,633000.00N,0800000.00W
N6345,634500.00N,1000000.00W
N6352,635200.00N,1100000.00W
N6355,635500.00N,0900000.00W
N6430,643000.00N,1000000.00W
N6490,643000.00N,0900000.00W
N6510,651000.00N,1000000.00W
N6515,651500.00N,0900000.00W
N6530,653000.00N,0800000.00W
N6570,653000.00N,0700000.00W
N6630,663000.00N,0700000.00W
N6680,663000.00N,0800000.00W
N6690,660000.00N,0900000.00W
N6720,672000.00N,1100000.00W
N6770,673000.00N,0700000.00W
N6780,673000.00N,0800000.00W
N6790,670000.00N,0900000.00W
N6800,680000.00N,0900000.00W
N6830,683001.00N,0900000.00W
N6855,685500.00N,1250000.00W
N6870,683000.00N,0700000.00W
N6880,683000.00N,0800000.00W
N6900,690000.00N,1100000.00W
N6915,691500.00N,1350000.00W
N6930,693000.00N,0700000.00W
N7000,700000.00N,0900000.00W
N7040,704000.00N,1000000.00W
N7051,705100.00N,0700000.00W
N7080,700000.00N,0800000.00W
N7130,713000.00N,0800000.00W
N7145,714500.00N,1100000.00W
N7170,710000.00N,0700000.00W
N7215,721500.00N,1250000.00W
N7225,722500.00N,1000000.00W
N7230,723000.00N,0700000.00W
N7420,742000.00N,0900000.00W
NAAPP,535318.00N,1252624.00W
NABLO,434016.00N,0820133.00W
NABOG,482530.40N,0774825.80W
NADAG,683000.00N,0900000.00W
NADEB,624821.55N,1075507.34W
NADET,625505.00N,1125514.00W
NADLU,502900.00N,1054500.00W
NADMA,710402.00N,0645535.00W
NAKBI,520019.00N,1334358.00W
NAKTO,614140.00N,1150608.00W
NALDI,643000.00N,0630000.00W
NALRU,463539.95N,0711804.86W
NANOO,491551.00N,1241439.00W
NANSO,442918.00N,0560418.00W
NAPEE,451023.00N,0734010.00W
NAPLO,501338.00N,0584555.00W
NARRY,542830.00N,1194942.00W
NEWTN,490918.00N,1224612.00W
NILLA,534722.00N,1310500.00W
NILTT,505254.00N,1050130.00W
NM106,513000.36N,0774459.15W
NOIRE,452537.00N,0740748.00W
NORAB,491500.00N,1041000.00W
NORAK,494418.60N,0963128.20W
NORCH,430035.18N,0802152.34W
NORUN,501603.00N,0962117.00W
NORUS,515316.00N,0663702.00W
NOSUX,474452.20N,0530919.80W
NOTAP,451230.00N,0822830.30W
NOVEP,474944.00N,0510000.00W
NOWAA,504848.30N,0734158.61W
NOWAH,430024.17N,0813111.44W
NOXAN,595456.26N,1200000.00W
NUBEG,541651.69N,1135903.32W
NUBEM,434112.96N,0805008.51W
NUBUK,445751.00N,0633618.00W
NUDET,525459.78N,1112227.23W
NUGAM,590919.49N,0992402.00W
NUPPS,530848.00N,1133018.00W
NUTBE,491936.00N,1233630.00W
NUTBY,454117.01N,0631446.01W
NUTIC,421317.97N,0830342.91W
NUVVE,504356.00N,1140816.00W
OAKVL,431909.99N,0794146.01W
OBRAB,440336.60N,0774835.89W
OBRET,470000.00N,0742430.00W
OBSEV,481730.26N,0711419.34W
OBTAM,584504.00N,1225111.99W
OBTOT,491230.00N,1224048.00W
OBUYE,483856.47N,0933127.03W
OBVAN,490542.00N,0683114.00W
OCTAS,421329.91N,0822656.09W
ODGOV,503556.00N,1052544.00W
ODGOX,440908.53N,0772817.98W
ODKAP,505300.00N,0660330.00W
ODKAS,444355.80N,0633931.20W
ODLAS,454123.73N,0714443.65W
OKEKE,421212.72N,0830412.28W
OKOPO,454331.63N,0725739.50W
OLAVO,470225.67N,0721001.95W
OLDMA,534600.00N,1140330.00W
OLESU,481201.20N,0631545.00W
OLOKA,485024.00N,0682054.00W
OMAGA,460304.00N,0840000.00W
OMBRE,454446.00N,0724541.00W
OMEKA,781036.00N,1410000.00W
OMLOK,584645.59N,1300000.00W
OMROD,530018.00N,1130536.00W
OMSED,535200.00N,1225315.00W
OMSEX,501630.00N,1052423.40W
OMSUN,612011.00N,1410000.00W
OMSUV,493118.55N,1232951.13W
OMVIN,484859.32N,1240425.56W
ONDET,543428.00N,1181748.00W
ONDOB,453925.40N,0762555.29W
ONDUS,513900.00N,1171900.00W
ONGAG,570535.98N,1040538.52W
OPALE,505110.00N,1145935.00W
OTAKU,630700.00N,0685200.00W
OTEPI,550003.07N,1191443.40W
OTIKA,491536.00N,1234142.00W
OTNIX,492000.00N,1263000.00W
OTNOT,623915.88N,1300000.00W
OTNOX,484146.37N,0895401.79W
OTODI,542020.84N,1095306.96W
OTPUS,510000.00N,1100000.00W
OTRIK,584415.53N,1105006.82W
OTSEP,473325.20N,0522521.00W
OTTER,500705.80N,1244455.39W
OVAGU,864800.00N,0900000.00W
OVBES,870000.00N,0600000.00W
OVDON,834300.00N,1300000.00W
OVOGU,540737.63N,1222745.75W
OVOSU,435552.98N,0773947.88W
OVUNI,481821.00N,0783135.00W
OYSTR,535200.00N,0545800.00W
PAIRY,452806.00N,0810136.00W
PARQE,534318.00N,1192912.00W
PAULO,451512.00N,0632006.00W
PEKMO,800742.00N,1300000.00W
PEKRO,530923.00N,0640609.00W
PELEE,525500.00N,0800000.00W
PELRI,850000.00N,0600000.00W
PELRU,460036.28N,0754000.35W
PELSI,580500.00N,0670000.00W
PELVO,501800.00N,1051400.00W
PEMLU,504700.00N,0800000.00W
PENDO,442455.00N,0794826.00W
PENDR,484418.00N,1231635.00W
PENDU,501200.00N,1051300.00W
PEPKI,594400.00N,0613700.00W
PEPMU,485806.00N,0541452.20W
PEPRA,445614.00N,0561354.00W
PEPTA,623154.60N,1140151.60W
PERKO,472944.00N,0815459.00W
PERNA,511251.60N,1140116.80W
PERTH,443328.00N,0764216.99W
PESAC,463256.32N,0721112.91W
PESLA,464234.00N,0840855.00W
PESRI,473746.20N,0631229.40W
PETMA,560534.10N,1060306.70W
PETPA,510018.00N,1324112.00W
PEVNI,510201.71N,1150314.63W
PEVRA,582327.70N,1093702.29W
PICES,424644.90N,0821108.99W
PIGEN,510200.00N,1143742.00W
PIGLA,542000.00N,0800000.00W
PIGLI,430824.00N,0802851.00W
PIGLU,483842.00N,1235424.00W
PIGSO,844500.00N,0900000.00W
PIKMO,543800.00N,0900000.00W
PIKNA,505200.00N,0591500.00W
PILPA,624159.40N,1124448.60W
PINTE,462637.00N,0700214.00W
PJ48,593929.94N,1351112.37W
PNASK,494524.00N,1195800.00W
POLLE,544630.00N,1035000.00W
POLTY,455357.00N,0754840.00W
POPLR,524237.00N,0973830.00W
PORGY,561900.00N,0580500.00W
POTAT,675604.00N,1410000.00W
POWAY,431502.67N,0791518.67W
POWOL,501217.00N,1244441.00W
PRADA,492531.00N,0954528.00W
PRAWN,571212.00N,0591047.00W
PRYCE,521417.70N,1284459.10W
PULRE,421746.55N,0825308.73W
PUSUK,435634.07N,0774932.29W
PUTUD,445944.40N,0631301.20W
PUXIN,512042.00N,1304518.00W
QUBIS,473200.15N,0674558.09W
QUODY,500212.00N,1235436.00W
R0600,440643.46N,0773223.79W
R0868,485646.00N,0543304.00W
R2402,501302.86N,0661642.98W
R2403,501326.14N,0661508.94W
R2404,453131.36N,0732424.62W
R2500,535308.75N,1224134.82W
R2891,510547.90N,1140116.59W
R3036,531831.14N,1133547.24W
R3037,531822.25N,1133543.92W
R3038,531711.44N,1133345.55W
R3039,531959.98N,1133403.54W
R4151,440733.54N,0773058.97W
R5017,491104.89N,1230937.53W
R5018,495342.39N,0971430.77W
R5019,495342.62N,0971340.32W
R5020,495446.90N,0971508.37W
R7908,490108.83N,1222247.87W
RACHL,421357.80N,0813911.25W
RAFIN,445300.00N,0514817.00W
RAGUR,545600.00N,1152700.00W
RANGR,471048.00N,0831830.00W
RAPID,541432.00N,1213413.00W
RATHO,430817.76N,0791125.37W
REDBY,521457.99N,0563605.99W
REDDR,520751.00N,1135228.00W
REEDO,444212.00N,0755854.00W
REFEX,524206.00N,1100000.00W
REFIO,525900.60N,1141822.20W
RENNY,482448.00N,0614900.00W
RESOL,455025.02N,0663839.87W
RESOP,543211.72N,1103949.34W
RESUM,841445.00N,1410000.00W
REVEK,535927.88N,0950117.13W
REVIG,510000.60N,1140117.40W
REVUB,484215.68N,0884512.35W
REXAR,472545.60N,0531410.80W
REXOM,435501.11N,0784104.09W
REZIN,474336.00N,0781354.00W
RIBIT,555420.00N,1295507.00W
RIBUN,631123.00N,1133254.00W
RICKI,460330.10N,0815405.03W
RIDOD,433015.00N,0792358.20W
RIDOK,572543.03N,1063210.00W
RIKKE,422621.90N,0824425.65W
RIONA,502800.00N,0923354.00W
RISKE,521342.00N,1224848.00W
ROBBE,510835.35N,0700000.00W
ROC63,431634.46N,0790535.92W
RODBO,600500.00N,0651000.00W
RODLU,742248.00N,1300000.00W
ROFFO,532400.00N,1190000.00W
ROGSA,460724.00N,0714142.00W
ROGSO,801052.00N,0690000.00W
ROGVU,485103.60N,0681254.00W
ROKMA,783348.00N,1100000.00W
ROKPI,490224.00N,0682924.00W
ROKTO,433035.00N,0801128.00W
ROLKO,505954.00N,1111012.00W
ROLLA,554548.00N,1200006.00W
ROMDA,562034.25N,1022603.39W
ROMDI,800412.00N,0900000.00W
RONCH,513044.00N,1222730.00W
RONPO,465238.00N,0510000.00W
RONPU,613000.00N,0800000.00W
RORMA,495623.00N,0964323.00W
RORTU,550609.00N,1214131.00W
ROSLI,530030.00N,1135642.00W
ROTMU,504037.20N,1050110.80W
ROTNA,740000.00N,0900000.00W
ROUND,511500.00N,0750248.01W
ROVNA,552221.09N,1183217.00W
ROYST,493527.00N,1250738.00W
RUBDA,454739.00N,0563252.00W
RUBKO,522000.00N,0605800.00W
RUBTA,454842.60N,0734915.00W
RUDVI,490001.00N,1050000.00W
RUNNY,525022.00N,1215945.00W
RW16,533449.53N,1133046.25W
RYLEY,531622.00N,1121913.00W
SAFOL,490436.00N,1224200.00W
SASID,460036.27N,0754001.00W
SASOD,520637.80N,1063853.40W
SATIS,502520.20N,0595853.72W
SATUL,504026.58N,1133041.08W
SAVED,490839.00N,1224837.20W
SAVIT,515300.00N,1173000.00W
SAVIX,455123.18N,0734525.78W
SAVOV,503330.00N,1193642.00W
SCANA,503415.00N,1045127.60W
SCROD,543700.00N,0555200.00W
SEATN,504212.00N,1222204.00W
SEBAT,543212.80N,1102542.45W
SEBIN,594754.00N,1250000.00W
SEDAG,660000.00N,1000000.00W
SEDIT,543629.13N,1103008.99W
SEDOT,450736.00N,0800157.00W
SEFFY,512324.00N,1070818.00W
SEFIX,484436.00N,1264229.00W
SEGAN,500000.00N,0892000.01W
SEKAP,615823.75N,1225000.00W
SEKIK,565530.00N,1115512.00W
SELBO,491000.25N,0775959.09W
SELUM,553103.82N,1125004.28W
SEMTO,591400.00N,0670000.00W
SENSA,492823.52N,1183529.78W
SERBO,520606.00N,0604259.00W
SERNI,550515.00N,0665259.40W
SESDO,510348.00N,1140116.80W
SETMA,642140.00N,1350000.00W
SETMI,635853.10N,1300000.00W
SEVTA,534558.43N,0942425.82W
SHAIK,513327.90N,0663248.30W
SHALE,512048.00N,1275518.00W
SHARB,444414.00N,0765352.01W
SHARD,491924.00N,1223236.00W
SHATO,465920.40N,0710531.80W
SHAWI,511535.00N,1100000.00W
SIBKI,441036.00N,0774700.00W
SIGPI,765130.00N,0900000.00W
SIGTA,490333.00N,1250932.00W
SIKBU,711000.00N,1300000.00W
SILVR,492030.00N,1164706.00W
SIMLU,500019.00N,1314236.00W
SIMSU,504656.00N,1282537.00W
SIMTO,470323.00N,0704945.00W
SINVU,765136.00N,0753624.00W
SKAHA,492506.00N,1193506.00W
SKALA,541914.31N,1100954.46W
SKANI,553924.00N,1223812.00W
SKYPO,494306.00N,1230754.00W
SLOAN,514505.00N,1100000.00W
SMARE,461934.00N,0780949.00W
SOCAN,534648.00N,0750000.00W
SODAC,522418.00N,1222911.00W
SOINT,503624.00N,1265436.00W
SOKYE,462132.00N,0725105.00W
SONON,614342.00N,1150424.00W
SOOKE,492049.00N,0970940.20W
SPAIK,603222.96N,1321424.29W
SPALD,491440.18N,0825324.90W
SPARD,552624.00N,1221606.00W
SPHRE,420136.00N,0820409.00W
SPICA,423030.28N,0823246.72W
SPONJ,492157.00N,1300451.00W
SPOTE,522812.00N,0670000.00W
SPRAE,510013.00N,1152724.00W
SPURG,460830.14N,0805247.33W
SPUZZ,494630.00N,1212348.00W
SPYSR,534046.00N,1301127.00W
SQUAW,544800.00N,0664812.00W
SQUIM,481439.30N,1232733.15W
SSM52,470156.20N,0851143.76W
SSM75,454107.35N,0825111.41W
SSR77,591733.04N,1362822.35W
SSR88,593825.78N,1351230.38W
SSUNN,415733.05N,0823305.64W
STACK,421808.38N,0825315.51W
STAFE,482700.22N,0810421.39W
STAGG,500300.00N,1184706.00W
STAHL,544300.00N,1212512.00W
STAVE,492406.00N,1222054.00W
STEAM,525954.00N,0572036.00W
STIGS,490000.00N,1133424.00W
STOAN,502957.83N,1205916.55W
STUMM,502118.00N,1195058.00W
SULRY,494942.00N,1241206.00W
SUSKE,425236.72N,0790025.27W
SUSUB,714500.00N,1000000.00W
SUTKO,463057.00N,0564918.00W
SUTNO,752400.00N,1100000.00W
SUVAK,503451.60N,1191255.80W
SWALE,510234.20N,1181519.20W
TADAB,433450.26N,0793807.90W
TADIS,500000.00N,0900000.00W
TADOM,622656.59N,1035913.80W
TADSA,501600.00N,1052400.00W
TAFFY,472224.17N,0671814.04W
TAGIT,570818.00N,1120452.00W
TAGMO,583154.00N,1000000.00W
TAGRA,471042.00N,0570444.00W
TAGUP,505251.00N,0961142.00W
TAKSI,541148.00N,1000000.00W
TALIS,440246.29N,0820733.06W
TAMRU,485721.00N,1304812.00W
TANTI,620000.00N,0630000.00W
TAPLU,600000.00N,0615406.00W
TAPMO,822212.00N,0900000.00W
TAPSA,805600.00N,1100000.00W
TASLI,551318.00N,0850000.00W
TASTI,523948.00N,0613913.00W
TATMA,643000.00N,1150000.00W
TATVA,485722.59N,0543322.81W
TAVMA,464540.89N,0714258.32W
TAVRI,765642.00N,1300000.00W
TEALS,553855.43N,0665957.34W
TEFFO,624800.72N,0665957.97W
TENYA,495024.00N,1184424.00W
TESAK,493057.00N,1170429.00W
TESOM,494731.80N,0970516.80W
TESOX,473812.60N,0522928.80W
TESUD,630126.00N,1130547.00W
TETAG,540417.27N,1140757.37W
TETOS,431836.00N,0803918.00W
TEXEN,451243.20N,0752754.00W
TEXUN,530000.00N,0615059.99W
THIBO,455418.00N,0733230.00W
THIRD,504453.00N,1133420.00W
THORL,425903.77N,0794538.37W
THURO,453154.15N,0745628.76W
THYNE,493700.00N,1204536.00W
TIBUD,453430.00N,0812641.01W
TIGIN,611618.00N,1350000.00W
TIKID,574512.00N,1100000.00W
TILAX,530841.98N,1140807.82W
TIPIC,481709.96N,0704514.90W
TONNY,441108.00N,0794322.99W
TORON,515031.00N,1133521.00W
TOTAP,492500.00N,0994000.00W
TOVIR,502307.87N,1054243.33W
TOXEV,531942.00N,1141230.00W
TREEL,492124.00N,1235154.00W
TRENA,502607.00N,1241411.00W
TRUDY,485500.00N,0883024.00W
TUBAK,534754.55N,0942939.71W
TUDAP,730000.00N,0800000.00W
TUDAR,431257.60N,0812211.40W
TUFAX,463630.14N,0752440.79W
TUFLY,590209.26N,1090105.80W
TUKAB,455647.29N,0665327.71W
TUKIR,451136.00N,0761406.00W
TULAG,564154.52N,1075326.39W
TULEG,434354.84N,0764309.82W
TUNNI,600000.80N,0695957.42W
TURNY,504837.00N,1141947.00W
TUSKY,433354.00N,0670000.00W
TWGKD,423351.79N,0793808.55W
TYCOB,421421.13N,0822639.58W
UBISY,430421.05N,0791954.09W
UBTEV,484449.00N,0650202.00W
UDBOS,490213.61N,0543513.30W
UDBOT,482057.74N,0883404.33W
UDBOX,500000.00N,1000000.00W
UDLEL,502530.32N,1054935.89W
UDMAP,490559.00N,1283353.00W
UDNIM,525248.00N,1140007.80W
UKONA,630656.37N,1131830.09W
UKSAR,564632.00N,1115925.00W
UKUGA,535413.76N,0944652.50W
ULAMO,451345.00N,0752935.00W
ULEBU,540144.00N,1220700.65W
ULIPI,433009.00N,0795117.40W
UMEPO,535239.00N,1224634.80W
UMETI,473448.00N,0591530.00W
UMEXO,444418.38N,0752836.81W
UOD01,542532.65N,1101848.53W
UOD06,542939.14N,1102303.18W
UOD12,540924.82N,1095525.91W
UOD14,540615.08N,1100355.30W
UOD15,541439.61N,1095826.44W
UOD18,543818.14N,1102750.60W
UOD19,542305.04N,1101537.00W
UOD20,543444.80N,1104713.82W
UOD41,541356.69N,1100205.29W
UOD51,541311.30N,1100058.48W
UPRIL,434524.00N,0785020.00W
UQQ07,494321.34N,1245412.36W
UQQ09,493452.23N,1243945.04W
UQQ12,495425.81N,1244929.46W
UQQ16,494142.06N,1245148.41W
UQQ32,495307.58N,1250256.64W
UQQ60,494423.66N,1243520.86W
URLEG,550439.00N,1124710.00W
URMIN,450007.80N,0634706.60W
URMIX,490433.99N,1233922.14W
URMUD,584229.95N,1002905.00W
URPIS,484836.00N,0541931.80W
URPON,514440.73N,1133745.25W
URSIS,611234.94N,1030045.37W
URTAK,455017.00N,0510000.00W
UYR13,531205.44N,0600651.72W
UYR20,531517.73N,0595216.95W
UYR97,532646.47N,0604438.49W
UYR98,531838.33N,0602335.56W
VALIE,533730.00N,0580824.00W
VANSI,512929.99N,0760000.00W
VARSY,491712.00N,1231706.00W
VEELA,420735.34N,0824500.01W
VEPSU,454742.00N,0731948.00W
VEPTU,543800.00N,0750000.00W
VERKI,604600.00N,1000000.00W
VERTU,513016.00N,0594525.00W
VETRO,501200.00N,0800000.00W
VIDGA,502600.00N,1055300.00W
VIDKU,481340.00N,1301200.00W
VIDRI,501333.00N,1212957.00W
VIGRO,465957.60N,0715118.60W
VIGSO,501754.68N,0605635.74W
VILRA,560148.00N,0900000.00W
VIMLA,610000.00N,0630000.00W
VIMSA,591000.00N,0900000.00W
VINSI,475354.00N,0572157.00W
VIPGA,514025.00N,0900000.00W
VIPVA,540748.00N,1124306.00W
VIRSO,540047.16N,0795915.65W
VISDU,534837.05N,0943134.86W
VISOL,451318.60N,0755207.20W
VITEV,492812.00N,1221024.00W
VIVPA,540745.60N,1124303.40W
VIXIS,442007.00N,0821719.00W
VIXUN,480818.00N,0533648.00W
VOBIL,520229.40N,1161710.20W
VODEK,635000.00N,0700000.00W
VODIT,753500.00N,0800000.00W
VODIX,473227.00N,0691413.00W
VODOO,591542.00N,1175606.00W
VODOR,445609.00N,0510000.00W
VOKAR,533000.00N,0623400.00W
VOKET,513000.00N,0670000.00W
VOKUL,540831.00N,1050117.00W
VOLES,540416.00N,1224313.00W
VR069,491059.31N,1230936.57W
VRMIL,482740.83N,0915904.70W
VUCAN,502711.00N,1131943.00W
WACAL,540607.00N,1303902.00W
WALAC,454643.00N,0820338.00W
WALPP,443134.07N,0804511.28W
WALSH,500336.00N,1100000.00W
WALUP,534736.00N,1203412.00W
WARDS,450054.44N,0731127.56W
WASEN,513444.40N,1171300.60W
WASIE,440532.00N,0791719.00W
WELLA,425048.00N,0790947.00W
WELLF,505430.00N,1163606.00W
WEPIL,422013.45N,0823841.41W
WESEX,512943.00N,1135706.00W
WHALE,421152.00N,0670000.00W
WHATS,495757.00N,1181618.00W
WHIST,495554.00N,1024054.00W
WHORT,494430.00N,1202154.00W
WIGHT,504159.00N,1224614.00W
WIGNO,514126.00N,1224701.00W
WILKY,523219.00N,1082906.00W
WINGS,420353.13N,0822830.60W
WOFFI,495812.00N,1160836.00W
WOLIS,423738.00N,0813442.00W
WONDA,430726.25N,0790441.76W
WOPAC,483933.00N,0671842.00W
WRANG,452524.56N,0765803.07W
WTMAN,501512.60N,1192509.60W
WYLDE,533652.20N,1145338.40W
XBG02,481955.54N,0710113.27W
XBG03,481732.89N,0703901.13W
XBG04,482023.55N,0710539.95W
XBG05,481954.92N,0705739.12W
XBG06,481816.46N,0712036.57W
XBG12,482137.42N,0711731.48W
XBG13,482106.00N,0704021.38W
XBG15,482204.80N,0712158.45W
XBG20,481512.52N,0712855.23W
XBG21,481416.04N,0702922.52W
XE36,521046.49N,1064304.13W
XESIK,535651.04N,0945404.36W
XEVUL,515809.60N,1063020.40W
XEXIS,540853.00N,1224445.00W
XIGEX,502953.55N,1054551.48W
XIGUP,535815.00N,1225646.77W
XIKIX,621555.80N,1142445.60W
XIKOX,473609.60N,0531219.80W
XOLPO,425554.44N,0812246.14W
XOMKU,454304.25N,0664921.43W
XORDO,501305.15N,1051358.09W
XORIG,435944.78N,0774411.60W
XOVON,510000.00N,1000000.00W
XOVRA,490733.68N,0543715.26W
XUBKO,450350.40N,0631946.20W
XUDAD,441043.43N,0772536.61W
XUKEB,540642.00N,1223701.00W
YAK44,601234.56N,1400440.12W
YARRO,490419.00N,1220254.00W
YC042,510653.70N,1140021.35W
YE03,585000.48N,1223700.48W
YEG15,532557.36N,1134906.24W
YEG55,531300.52N,1134151.79W
YFC46,455217.56N,0663123.67W
YFC59,455147.42N,0663307.29W
YFC66,454512.70N,0665102.27W
YFC78,454909.54N,0665300.97W
YKX08,480724.20N,0794335.24W
YOUNG,515118.00N,1050624.00W
YOUTH,432300.17N,0792451.83W
YOW01,451931.62N,0754111.29W
YQ109,601040.24N,0914332.41W
YQ223,613325.96N,0890342.51W
YQO32,421322.02N,0811128.51W
YQT16,480130.53N,0891358.18W
YQT19,480651.50N,0890045.15W
YQT24,481009.53N,0885111.00W
YQT25,480008.09N,0895559.15W
YQT28,481402.12N,0884424.12W
YQT56,481234.94N,0880235.12W
YQT82,475709.63N,0872655.08W
YQT93,485150.65N,0913456.43W
YR001,531914.89N,0602424.92W
YRR43,451838.08N,0753920.48W
YRT87,635500.23N,0900003.43W
YTA35,455127.60N,0771451.58W
YVR13,490011.84N,1225031.66W
YVR43,491022.00N,1230326.00W
YVR94,490923.92N,1225548.51W
YWG09,495346.17N,0971430.31W
YWG10,501038.46N,0971307.76W
YWG12,494441.06N,0971514.37W
YWG15,494627.68N,0970819.17W
YWG35,500339.17N,0971500.09W
YWG66,485950.57N,0962131.70W
YWT58,431600.44N,0790449.62W
YXE14,520940.85N,1064158.72W
YXR25,480733.24N,0794326.27W
YXS18,540747.61N,1224613.51W
YXU16,430939.82N,0812149.62W
YXU20,430232.11N,0810937.64W
YXU30,423450.02N,0812526.06W
YXU36,431227.57N,0811736.12W
YXY59,593817.88N,1351021.70W
YYC46,510610.85N,1140007.98W
YYE08,584612.42N,1225443.04W
YYE12,584233.51N,1225136.54W
YYE25,583041.54N,1224134.89W
YYJ20,485023.60N,1230037.01W
YYR01,531130.23N,0602120.81W
YYR02,531456.61N,0600622.60W
YYR03,532412.65N,0600717.04W
YYR04,532550.33N,0602117.82W
YYR05,532554.62N,0601427.02W
YYR06,532413.60N,0601215.72W
YYT07,474040.78N,0523244.06W
YYT16,473256.83N,0531403.08W
YYZ29,432914.08N,0790630.38W
YZF12,621555.40N,1142759.52W
YZF14,621609.25N,1142051.50W
YZP31,543533.05N,1330631.35W
YZS17,620730.10N,0875523.74W
ZAB37,531710.79N,1133344.99W
ZAYA5,543222.57N,1310400.48W
ZEG45,532001.39N,1133358.62W
ZET01,531829.52N,1133540.55W
ZF025,622707.10N,1142631.81W
ZHT49,495339.16N,0971344.99W
ZMR39,454014.38N,0740120.76W
ZMX41,454134.68N,0735921.46W
ZNF39,473722.76N,0524615.46W
ZOW39,451846.73N,0754020.81W
ZP341,543119.33N,1313453.37W
ZQR49,502541.13N,1043917.74W
ZRG42,502545.38N,1044052.96W
ZRS36,502627.62N,1044022.34W
ZSS40,521044.27N,1064215.87W
ZWN04,495452.11N,0971508.98W
ZWW04,495345.40N,0971431.48W
ZXE40,521022.43N,1064051.90W
ZXS15,535401.00N,1224013.09W
ZYT28,473730.44N,0524410.37W
ZYZ42,434013.52N,0793650.57W
ZZD01,531836.61N,1133552.28W
ZZR01,440638.48N,0773236.16W
AARAN,47456.00N,525449.00W
ABELT,535643.00N,98959.00W
ACADN,444000N,0640000W
ACKER,555011.00N,6956.00W
ACKSO,45397.00N,61735.00W
ADGAP,624833.1729N,0692829.0305W
ADICT,583710.00N,935715.00W
ADOWE,45129.00N,653557.00W
ADREB,435747.00N,794548.00W
ADRED,452337.00N,752846.00W
ADREG,444803.1611N,0800959.5232W
ADREK,49742.00N,574222.00W
ADRET,46650.00N,642742.00W
ADREV,521441.00N,881230.00W
ADREW,691010.83N,1410009.13W
ADRID,503650.45N,1052903.07W
ADRIR,614130.00N,1211019.00W
ADRIS,622943.3074N,1143341.3444W
ADRON,495242.00N,1004648.00W
ADROP,501656.5061N,0992455.8937W
ADROR,495237.00N,101933.00W
ADRUL,68400.00N,80541.00W
ADRUN,483558.5737N,0585816.655W
ADRUP,502118N,1191818W
ADRUR,562754.5623N,0614144.746W
ADRUS,520821.9574N,1050020.0714W
ADSAK,512110.00N,561848.00W
ADSAL,623740.3391N,1142803.5959W
ADSAN,442831.5281N,0801344.8589W
ADSAP,69821.00N,105158.00W
ADSEG,554445.5793N,1200508.2794W
ADSEK,51612.00N,1141316.00W
ADSEX,484060.00N,682927.00W
ADSIB,434734.9463N,0600405.5868W
ADSIG,724719.1136N,0844937.3046W
ADSIK,484338.6609N,1232114.8922W
ADSIV,451020.539N,0745212.5536W
ADSOD,500520.5321N,0915325.9539W
ADSOR,46197.00N,635812.00W
ADSOS,503409.6285N,1270655.6117W
ADSOT,495645.8288N,1192223.02W
ADSUP,511222.8405N,1141533.1644W
ADSUS,574931.3343N,1015912.7635W
ADVAM,451155.5697N,0660712.3218W
ADVAN,605922.00N,934433.00W
ADVAR,762409.3009N,0825411.8283W
ADVEK,440030.65N,0772549.21W
ADVEM,613932.6036N,0732219.622W
ADVID,453645.3169N,0742034.5831W
ADVIG,521748.00N,783046.00W
ADVIK,450804N,0744633W
ADVIX,511104.45N,1181317.679W
ADVOB,515811.00N,654620.00W
ADVOD,543553.783N,0980705.4998W
ADVOS,452042.00N,752249.00W
ADVOV,490602.2717N,1260539.3017W
ADVOX,513440.8N,1143515W
ADVUS,481832.00N,893531.00W
AERIC,421317.00N,8353.00W
AGAPN,53631.00N,1125222.00W
AGAPY,482742.00N,71111.00W
AGBAM,454244.00N,62265.00W
AGBAN,571505.0218N,1021043.2464W
AGBAR,484143.6675N,1234011.5275W
AGBEK,433330.00N,79285.00W
AGBEL,594600.2209N,0772528.6799W
AGBEM,50459.00N,982247.00W
AGBEP,655015.0602N,1071952.913W
AGBID,49573.00N,98228.00W
AGBIG,712237.609N,0793616.5922W
AGBIK,622022.00N,753733.00W
AGBIM,482253.00N,891712.00W
AGBOB,564331.7333N,0614826.9453W
AGBOD,621526.00N,753656.00W
AGBOK,605646.00N,135155.00W
AGBOT,623249.00N,1142718.00W
AGBOV,51855.00N,114552.00W
AGBOX,533855.00N,77529.00W
AGBUB,504923.4866N,0965914.858W
AGBUR,491131.00N,565145.00W
AGBUX,530713.7847N,1125256.7906W
AGDAP,624833.00N,692831.00W
AGDAS,494749.8065N,1121704.7401W
AGDAT,500143.9819N,1252332.6943W
AGDEL,451713.00N,654753.00W
AGDEN,55270.00N,1063338.00W
AGDIG,47523.00N,674734.00W
AGDIK,581021.05N,1163010.82W
AGDIL,464832.00N,805058.00W
AGDIM,545527.8508N,0594537.9033W
AGDOX,431703.3763N,0790616.0147W
AGDUB,635739.00N,681434.00W
AGDUD,531305.1333N,1053622.0405W
AGDUS,454312.00N,622740.00W
AGDUT,440029N,0801249W
AGDUV,61397.00N,732850.00W
AGDUX,445316.2934N,0795800.1891W
AGIWA,452846.00N,714752.00W
AGLAR,585143.9753N,1221352.0881W
AGLAS,4390.00N,794717.00W
AGLAT,501314.9305N,1251717.6191W
AGLAV,543047.00N,1102523.00W
AGLEM,48203.00N,711142.00W
AGLEN,502350.5251N,0661820.4066W
AGLEP,545457.00N,1131219.00W
AGLES,524023.6799N,0721750.4275W
AGLIP,512908.7622N,1170716.8942W
AGLIR,531621.00N,1144347.00W
AGLOM,441527.1645N,0763620.2373W
AGLOP,530127.8556N,0784211.6653W
AGLUK,461234N,0732212W
AGLUL,48213.00N,663619.00W
AGMAD,525152.2309N,1045059.2339W
AGMAG,452434.00N,73424.00W
AGMAK,511301N,1143442W
AGMAV,473030.00N,695224.00W
AGMAX,474032.62N,0525927.86W
AGMEB,452943.00N,734311.00W
AGMED,481057.8352N,0794302.2151W
AGMES,585306.993N,0934802.77W
AGMET,565703.0922N,1174307.9575W
AGMIR,451342N,0615720W
AGMIS,561605.3492N,1204106.3959W
AGMOM,47181.00N,675535.00W
AGMOP,483007.05N,1231850.67W
AGMUN,501720.3055N,0631805.0376W
AGNAD,491027.00N,122562.00W
AGNAG,453547.8703N,0734454.6613W
AGNEB,481358.00N,78453.00W
AGNEG,511525.00N,584010.00W
AGNEK,530408.9703N,1194158.9098W
AGNIG,495645.5843N,0911940.7471W
AGNIK,505916.2232N,1135710.6401W
AGNIT,582618.00N,1165810.00W
AGNIV,500905.9469N,1203749.9989W
AGNOB,441203.338N,0773007.1914W
AGNOR,475438.0306N,0845209.5421W
AGNOT,484157.00N,93326.00W
AGNOV,503916.06N,1182442.118W
AGNUN,46137.00N,673853.00W
AGPAN,50036.00N,982655.00W
AGPEG,453452.00N,624237.00W
AGPEL,615952.00N,1323617.00W
AGPEM,685237.2707N,0813918.9422W
AGPIB,55508.00N,1195458.00W
AGPID,683708.8841N,0954726.7387W
AGPIG,523857.00N,903031.00W
AGZAF,471926.00N,682553.00W
AIRCO,431236.66N,0782857W
AKATA,512230.00N,571431.00W
AKSEA,543139.00N,1313641.00W
AKWAY,543049.00N,13225.00W
ALAVY,444040.6N,0633312.66W
ALERO,421857.8474N,0820402.5601W
ALERU,623718.8487N,1143851.4643W
ALEVA,455636N,0832228W
ALEVO,495215.2107N,1093626.8041W
ALEVU,560939.6518N,1131628.0817W
ALGUP,491736.1694N,1024022.1622W
ALGUR,433545.19N,0790814.23W
ALIDO,454426N,0754046W
ALIPU,482457.6702N,0642750.7372W
ALIRA,441931.21N,0771106.18W
ALISU,474033.4574N,0683730.0938W
ALITI,484900.3063N,0913512.4043W
ALIXO,435103.2759N,0785749.9233W
ALKAK,703720.00N,118425.00W
ALKAM,644928.6561N,0955345.0805W
ALKAR,482837.9676N,0713211.2186W
ALKEG,434725N,0790650W
ALKEM,552114.3383N,1103641.4594W
ALKIG,46577.00N,654057.00W
ALKIK,524735N,1130740W
ALKOD,524826.3431N,1015938.5546W
ALKOV,501456.00N,634242.00W
ALKOX,624944.7001N,0694926.4204W
ALKUB,433540.00N,792149.00W
ALKUD,514024.00N,654723.00W
ALKUG,543754.2189N,1284221.7361W
ALKUT,433842N,0791346W
ALLRY,503000N,0520000W
ALMAN,61018.00N,1155648.00W
ALMAX,49848.00N,1002254.00W
ALMEB,434241.3521N,0794109.4697W
ALMEV,621647.00N,781545.00W
ALMIB,523659.3332N,0664942.6328W
ALMIP,501444.00N,92712.00W
ALMIV,451159.9737N,0733444.8072W
ALMOM,500506.3926N,1204518.253W
ALMOP,454000N,0810000W
ALMOV,48213.00N,684228.00W
ALMOX,501218.434N,1192716.6046W
ALMUN,452419.00N,733519.00W
ALMUT,604438.00N,13556.00W
ALNAM,493023.8451N,1034027.3871W
ALNAN,534019.3209N,0570404.6244W
ALNAP,452521.00N,71390.00W
ALNAR,441638.9809N,0763627.4198W
ALNAS,543738.00N,1102354.00W
ALNEG,531413.1272N,1134047.5335W
ALNEK,502822.1782N,0955059.369W
ALNEL,550238.6148N,0950258.9649W
ALNEM,46822.00N,604642.00W
ALNIB,463740.00N,713740.00W
ALNIG,505409.4718N,1141302.3445W
ALNIL,464149.9208N,0804422.2463W
ALNOB,535845.7364N,0974653.2348W
ALNOS,461654.00N,79210.00W
ALNOV,453141.599N,0733855.563W
ALNUV,53278.00N,1115751.00W
ALOKA,525659.3377N,1061151.4114W
ALONI,443854N,0753910W
ALORU,432635.8119N,0792941.43W
ALOVI,434649.8848N,0660028.766W
ALPAN,44286.00N,794513.00W
ALPAR,524300N,1233800W
ALPAS,521351.00N,764531.00W
ALPAT,452235.5312N,0754654.8682W
ALPEM,552547.5299N,1075318.1452W
ALPEP,543123.00N,712055.00W
ALPIG,49486.00N,864839.00W
ALPIP,594818.9093N,1335554.2024W
ALPOG,425619.9118N,0802549.1981W
ALPOL,53259.00N,1115549.00W
ALPUG,431707.9347N,0813616.6393W
ALPUL,46223.00N,744728.00W
ALRAK,554401.8381N,1202345.0016W
ALRAT,681754.00N,133318.00W
ALRAV,500912.0714N,0960158.1686W
ALRDD,474130.00N,524445.00W
ALREB,48243.00N,663954.00W
ALREX,623208.4526N,1142712.5726W
ALRIS,483929.00N,682227.00W
ALROL,431431.00N,812656.00W
ALROP,502651.00N,594316.00W
ALRUK,472252.3973N,0681458.2915W
ALSAG,541654.00N,1095756.00W
ALSAX,530936.7161N,1313151.7856W
ALSET,453637N,0743000W
ALSEV,533924.4397N,1134200.7993W
ALSIP,452728.00N,754947.00W
ALSIR,430256.4085N,0811005.2412W
ALSIS,484241.9556N,0791322.8468W
ALSIV,515422.8N,1145719.8W
ALSOM,512244.00N,561147.00W
ALSOP,565200N,0621000W
ALSUL,492120.6356N,0822554.9503W
ALTAD,511329.00N,804113.00W
ALTAG,515307.4662N,1214423.2974W
ALTAK,491000N,0713000W
ALTAL,524539.00N,903410.00W
ALTAP,464029.4618N,0810303.5056W
ALTED,493958.00N,54745.00W
ALTEK,525211.8865N,0823231.0424W
ALTEX,435315.00N,784643.00W
ALTOG,4634.00N,601242.00W
ALTOK,555330.7119N,0610443.9964W
ALTUK,684053.00N,96110.00W
ALTUL,510327.471N,1140116.9805W
ALTUX,575930.00N,684818.00W
ALUDI,551148.2782N,1273008.3638W
ALUDO,620935.8717N,1330848.3837W
ALUKO,651531.0581N,1225446.7252W
ALUNU,444124.0019N,0811107.9696W
ALUPA,424637.8684N,0805528.3058W
ALUVU,551447.9854N,1191240.6527W
ALUXA,414647.7805N,0824624.7364W
ALUXI,542738.00N,1095333.00W
ALVAB,540920.4454N,0935101.9685W
ALVEB,484227.00N,805260.00W
ALVED,502637.121N,1191100.3287W
ALVEL,693415.1497N,0933656.1958W
ALVID,435417N,0763604W
ALVIK,532229.00N,601757.00W
ALVIM,450957.5859N,0652847.1091W
ALVOB,472938.00N,70110.00W
ALVOL,495100.3252N,1203525.5346W
ALVOV,462317.00N,673624.00W
ALVUB,541042.2281N,0931552.3339W
ALVUD,464646.00N,71325.00W
ALVUG,533250.9469N,0560026.5311W
ALVUT,531536.6299N,1314912.2839W
ALVUX,455919.00N,595826.00W
ALWAR,452715.00N,74246.00W
ALYRE,473632.00N,655149.00W
AMAGI,451411.8364N,0753716.3083W
AMAMA,525227.3444N,0663837.1944W
AMARA,464037.7617N,0710624.5367W
AMAVI,550538.2045N,1073829.2455W
AMAVO,555531.05N,0611446.6938W
AMBAP,495425.00N,94740.00W
AMBAT,495339.00N,1193824.00W
AMBEM,494035.00N,5407.00W
AMBOL,521452.4768N,1222137.7517W
AMBOM,48154.00N,65202.00W
AMEBI,532129.6613N,1132901.6566W
AMEBU,435301.6004N,0660947.4436W
AMEDI,470135.5186N,0703631.4366W
AMEMU,550114.4265N,1183629.7791W
AMENA,493235N,1115306W
AMEVU,435116.1897N,0660306.726W
AMIDO,544450.0508N,0943408.8215W
AMILI,453028.9326N,0754327.588W
AMILU,435231.5911N,0791826.8893W
AMIPA,501949.4157N,1041312.0614W
AMIPO,561317.5144N,1204241.8736W
AMISU,544916.5036N,0953029.301W
AMITO,503728N,1150323W
AMOBA,501316.683N,1254137.6408W
AMOBI,451638.7039N,0754503.0822W
AMOBO,514907.4574N,0935442.6258W
AMOGU,470708.4464N,0702721.7782W
AMOMU,522628.3765N,0971748.5945W
AMOVI,484523.4701N,0785849.999W
AMUBO,501003.1348N,1073139.9712W
AMUBU,540127.966N,1011052.0859W
AMUNO,514115N,1144234.2W
AMUSA,525244.1695N,0665019.7721W
ANANU,434314.1311N,0813737.3761W
ANATI,500843.7501N,0613059.8905W
ANAXU,495216.2048N,0970120.9512W
ANCEW,4960.00N,1173622.00W
ANEKA,543746.00N,1102333.00W
ANEMU,501739.2017N,0633424.4936W
ANEVA,551104.3203N,1184903.0756W
ANEVO,505110.7703N,1135057.9992W
ANIBO,525739.9322N,1020557.2591W
ANSYL,451336.00N,725921.00W
ANTAG,454448.00N,735639.00W
ANTAK,492101N,1155128W
ANTED,511341.00N,80424.00W
ANTEY,473710.00N,61245.00W
ANTIB,473544.00N,644140.00W
ANTID,525300N,1141519W
ANTIG,491239.00N,98433.00W
ANTIT,531226.00N,1144627.00W
ANTOB,57529.00N,111155.00W
ANTOS,504639.00N,105137.00W
ANTOV,452235N,0710215W
ANTUP,545813.00N,1072931.00W
ANTUS,453926.4156N,0721312.9412W
ANVAN,482828.00N,713018.00W
ANVAS,45843.00N,644752.00W
ANVEM,582350.00N,1032855.00W
ANVEP,513403.7092N,1124454.7751W
ANVER,641713.00N,764051.00W
ANVIP,650404.7553N,0961424.245W
ANVOG,532541.00N,601132.00W
ANVOK,481743.00N,535230.00W
ANVOM,561809.82N,1150812.2905W
ANVUD,512456.00N,802443.00W
ANVUV,532150.00N,60612.00W
ANVUX,483335.00N,811749.00W
APDAD,493220.00N,984738.00W
APDAS,534234.452N,1133812.4908W
APDAT,53510.00N,1132751.00W
APDAX,431713N,0811502W
APDEP,52059.00N,1135748.00W
APDET,5384.00N,1052115.00W
APDEV,493113.00N,1135121.00W
APDIM,521657.00N,1065426.00W
APDOK,48321.00N,682216.00W
APDOL,462119.00N,673518.00W
APDOM,494646.2181N,0833746.6463W
APDUD,575710.00N,1045620.00W
APDUG,474436.00N,524818.00W
APDUK,582340.31N,1154804.68W
APDUL,45628.00N,642429.00W
APDUX,483533.00N,681342.00W
APGAG,572830.00N,1105835.00W
APGAT,565552.00N,111713.00W
APGAV,51367.00N,56545.00W
APGEB,494930.2749N,0832629.175W
APGEV,502544N,1044727W
APGIP,513143.00N,895611.00W
APGOM,431321.00N,80821.00W
APGON,490059.0129N,1225854.796W
APGUG,493319.00N,983957.00W
APGUK,525617.00N,665225.00W
APKAB,644317.00N,1103531.00W
APKAD,4506.00N,645647.00W
APKAV,523529.0288N,0901915.4854W
APKAX,474523.00N,65610.00W
APKEB,460729.4683N,0600611.8662W
APKIP,463433.00N,743643.00W
APKIT,531717.3267N,1140150.6217W
APKOP,453225.9633N,0752736.7016W
APKOR,492844.00N,981138.00W
APKOS,484132.6284N,1233912.9041W
APKUK,493912.00N,114164.00W
APKUN,473422.00N,53840.00W
APLAK,544431.9653N,1115820.8586W
APLEX,491735.00N,1231953.00W
APLID,684540.3087N,0811101.1683W
APLIT,453434.00N,73501.00W
APLIV,47379.00N,655044.00W
APLOR,46611.00N,644850.00W
APLOS,532701.2806N,1133606.0225W
APLOV,445542N,0760829.934W
APLUN,451123.00N,794742.00W
APLUP,473823.00N,653756.00W
APMAM,433637.00N,793315.00W
APMEG,542123.00N,1101333.00W
APMEK,475234.00N,774355.00W
APMIB,561649.00N,61572.00W
APMID,564128.00N,100555.00W
APMIG,660746.1702N,0654924.5327W
APMIK,434444.3492N,0792941.0345W
APMIV,52234.00N,1011831.00W
APMIX,513014.00N,55507.00W
APMOT,692656.00N,1332916.00W
APMUP,712116.00N,793710.00W
APMUR,54537.00N,1271318.00W
APNAM,482738.00N,68232.00W
APNAN,54160.00N,1253653.00W
APNAR,5160.00N,1164257.00W
APNEK,50146.00N,605739.00W
APNEN,503028.00N,1045638.00W
APNIL,563704.6373N,1152230.8694W
APNOB,534934.00N,735857.00W
APNOG,50328.00N,125334.00W
APNOS,455839.59N,0720706.0529W
APNOV,584829.00N,111111.00W
APNUB,53054.00N,1112629.00W
APNUR,555738.00N,1135838.00W
APNUS,431411.00N,79528.00W
APNUV,524236.7134N,1252748.0889W
APRAP,491850.9535N,1233812.2418W
APRAS,531110.00N,604051.00W
APRAT,605158.8623N,1230556.0266W
APREM,43430.00N,811018.00W
APRIP,540951.1675N,1242005.1909W
APSIN,810000N,0651600W
ARBUC,511248.00N,1141633.00W
ARIUS,584631.2939N,0935602.7977W
ARLYE,52105.00N,94338.00W
ARTER,453351.00N,733141.00W
ARVIE,450703.6797N,0743703.4014W
ASIAN,425626.00N,821360.00W
ATHAB,634927.00N,684223.00W
ATHAM,473932.00N,795811.00W
ATHBO,482740.00N,1231218.00W
ATHER,533353.00N,642439.00W
ATHON,525417.00N,1222332.00W
ATUBO,534756.00N,1135154.00W
ATUBU,484712.00N,643725.00W
ATUKI,49436.00N,1231917.00W
ATUNI,452754.00N,75415.00W
ATURU,52851.00N,1062740.00W
ATUVO,453235.00N,752851.00W
ATUVU,514920.00N,94655.00W
AUSIE,524826.00N,1222925.00W
AVADI,58935.00N,1034611.00W
AVAPA,512426.6032N,1215403.2777W
AVAPI,503113.00N,1114355.00W
AVAPO,481356.00N,801557.00W
AVASI,583930.5104N,1294103.5881W
AVASU,490100.3551N,1222540.5762W
AVATI,584343.52N,0941224.8453W
AVAXU,494254.00N,1082937.00W
AVDOG,490500.396N,0664909.4119W
AVEBA,47377.00N,65516.00W
AVEDO,544927N,1121023W
AVEGO,46569.00N,71619.00W
AVEGU,481110.00N,65501.00W
AVEMI,600416.8702N,1120417.2085W
AVEMO,523615.00N,90342.00W
AVEMU,534548.00N,894810.00W
AVERO,624836.3009N,1360938.1526W
AVERU,47133.00N,651330.00W
AVEVA,460629.8496N,0643847.3903W
AVEVI,49591.00N,925624.00W
AVIGU,444543.3324N,0632911.1431W
AVIKA,604118.3484N,1350303.587W
AVIKU,723952.00N,781245.00W
AVILE,485310.7706N,1224940.5923W
AVILI,532842.00N,634849.00W
AVILL,45407.00N,733928.00W
AVINO,742853.5477N,0944541.4968W
AVINU,46555.00N,645659.00W
AVIPA,504956.00N,1273856.00W
AVISI,653736.2707N,1063652.1713W
AVISO,46464.00N,71512.00W
AVIVU,421723.6492N,0825538.456W
AVIXA,541312.1622N,1302303.0762W
AVIXI,582860.00N,109316.00W
AVIXO,453244.00N,631534.00W
AVODA,473707.7993N,0525212.7759W
AVOGA,444550.00N,644827.00W
AVOGI,485254.00N,644336.00W
AVOLA,433024N,0785914W
AVOLU,571351.00N,1105855.00W
AVOPU,47418.00N,693921.00W
AVORA,463321.00N,805121.00W
AVOSO,491931.00N,116448.00W
AVOTO,462831.00N,725555.00W
AVOTU,495212.00N,971453.00W
AVPUB,595537.00N,1114141.00W
AVPUD,453924.3699N,0735719.3221W
AVPUK,533941.00N,94564.00W
AVPUL,460235.9816N,0704528.2539W
AVPUM,692844.00N,93283.00W
AVPUT,650200N,0600000W
AVPUV,661459.00N,128472.00W
AVRAK,521535.00N,110854.00W
AVRAM,500530.433N,0915331.839W
AVRAP,485522.1995N,1231130.7918W
AVRAS,621344.00N,1333128.00W
AVREB,622635.00N,1102513.00W
AVREK,483445.00N,583258.00W
AVREM,554232.3962N,1172535.5589W
AVREP,674843.00N,115823.00W
AVRET,442637.00N,792649.00W
AVRID,581312.00N,684230.00W
AVRIR,482131.00N,643820.00W
AVRIT,531511.00N,1144824.00W
AVRIV,552251.9242N,1110017.3482W
AVRIX,533941.00N,1223620.00W
AVROK,50448.00N,9787.00W
AVROM,512851N,1134749W
AVROR,512442.00N,78520.00W
AVROS,434935N,0790545W
AVRUL,43570.00N,785933.00W
AVRUN,463344.00N,633337.00W
AVRUR,453355.00N,751921.00W
AVRUX,522152.00N,56737.00W
AVSAG,472551.00N,523954.00W
AVSAL,484250.00N,64842.00W
AVSAM,441609.0908N,0783728.4294W
AVSAN,521533.00N,1135333.00W
AVSAS,504843.5576N,1274515.3098W
AVSEG,60261.00N,1231916.00W
AVSEL,421521.00N,82918.00W
AVSEP,435604N,0800635W
AVSER,601347.00N,694539.00W
AVSEV,532951.00N,755037.00W
AVSEX,545026.5828N,0942231.179W
AVSIN,522057.00N,554156.00W
AVSIS,514224.00N,76251.00W
AVSOB,524511.00N,91181.00W
AVSOK,493359.1399N,1130331.8848W
AVSOL,524410.00N,56118.00W
AVSON,500136.9105N,1193226.9237W
AVSOP,672041.00N,1342834.00W
AVSOV,461445.00N,793819.00W
AVSOX,43415.00N,803656.00W
AVSUB,442347.00N,794051.00W
AVSUM,51184.00N,56127.00W
AVSUN,495811.2982N,0973010.6626W
AVSUP,532514.1667N,1173645.5538W
AVTAG,461714.0991N,0703815.07W
AVTAM,461334.00N,76036.00W
AVTAN,505316.2377N,0970956.4613W
AVTAP,531332.00N,1053324.00W
AVTAT,563911.4968N,1111603.2242W
AVTAV,621243.2077N,1332312.6458W
AVTEG,425540.9024N,0800758.0957W
AVTEK,440027.2614N,0793621.7819W
AVTEL,661441.1643N,0653639.0341W
AVTEM,501827.00N,62327.00W
AVTEV,493647.6553N,1202221.0075W
AVTEX,53153.00N,603346.00W
AVTID,492236.00N,98037.00W
AVTIG,460249.1361N,0644618.7583W
AVTIK,4313.00N,812919.00W
AVTIM,501436.2808N,1193008.7349W
AVTIS,510137.68N,1140344.36W
AVTIV,490103.1195N,1181439.6359W
AVTIX,483710.00N,782113.00W
AVTOB,522633.55N,0964424.7361W
AVTOD,483138.00N,8168.00W
AVTOP,491427.4305N,1193443.6864W
AVTOX,484921.00N,645231.00W
AVTUM,434216.2364N,0792525.7625W
AVTUN,532431.00N,885344.00W
AVTUT,46951.00N,64445.00W
AVUBI,520706.03N,1065059.45W
AVUKA,463532.00N,804923.00W
AVULU,462552.00N,795445.00W
AVUNA,441134.77N,0795913.3W
AVUTI,572800N,0580000W
AVUVI,681720.00N,13408.00W
AVUVO,484737.00N,724347.00W
AXADA,474344.00N,795735.00W
AXADI,50430.00N,971729.00W
AXALA,535944.00N,89473.00W
AXAMO,46554.00N,645727.00W
AXANA,455329.00N,824143.00W
AXANU,49333.00N,1225952.00W
AXARI,454042.23N,0730024.2841W
AXASO,510221.5332N,0583648.5455W
AXAXA,552120.1318N,1104558.3206W
AXAXI,492520.00N,1173448.00W
AXEDI,49447.00N,1024322.00W
AXEDU,534813.00N,1105133.00W
AXEKO,823438.72N,0614553.14W
AXELO,541742.00N,1103734.00W
AXELU,52053.00N,121464.00W
AXEPI,543136.19N,1102357.3W
AXESI,435126.8987N,0785727.1595W
AXETA,504030.00N,1011652.00W
AXEXU,430620.0541N,0822641.5202W
AXIBA,441114.00N,645611.00W
AXIDO,52181.00N,11236.00W
AXIGA,534721.00N,1223823.00W
AXIGO,800000.61N,0863059.01W
AXIGU,583652.00N,94339.00W
AXILU,49591.00N,96428.00W
AXIMI,495050.31N,1243601.78W
AXIMO,715458.00N,1254943.00W
AXIPA,42508.00N,812125.00W
AXIPO,50217.00N,615921.00W
AXITU,53324.00N,662819.00W
AXIVA,49644.00N,552156.00W
AXOBA,45329.00N,75298.00W
AXOGI,495510.00N,125333.00W
AXOGU,522618.00N,1282250.00W
AXOKI,49139.00N,1224542.00W
AXOKO,52329.00N,935736.00W
AXOMA,571747.00N,1053117.00W
AXOMI,540710.7338N,1224357.9991W
AXOMO,474738.00N,693326.00W
AXONA,631221.00N,1173353.00W
AXOPU,455860.00N,82483.00W
AXORA,434316.3331N,0785654.5115W
AXORI,491809.974N,1230745.3153W
AXORU,493758.00N,743834.00W
AXOSA,523642.00N,93589.00W
AXOTO,501823.00N,1043933.00W
AXOVA,571046.00N,1105836.00W
AXOVO,681133.00N,1063558.00W
AXOVU,51435.00N,915720.00W
AXUBU,571504.1802N,1094111.7113W
AXUDI,472317.3108N,0615100.3566W
AXULA,591512.00N,120911.00W
AXUMU,501922.8865N,1250544.4474W
AXUNI,641133.00N,1174448.00W
AXUNU,632854.8728N,1085755.902W
AYZOL,622816.00N,14100.00W
AZTRO,415343.00N,815635.00W
BADEW,49533.00N,92557.00W
BAFDY,444639.6047N,0644656.9815W
BAHGO,472845.00N,614028.00W
BAJON,481948.00N,705044.00W
BALFE,451026.00N,654539.00W
BALLS,605357.00N,1155044.00W
BANQS,485659.5749N,1224609.3345W
BARBR,422159.00N,824953.00W
BARCH,554553.00N,975834.00W
BBGVP,543458.00N,133628.00W
BEACH,49186.00N,1231042.00W
BEFNI,434813.00N,794719.00W
BEITH,472722.00N,61265.00W
BEMEG,712250.00N,795156.00W
BEMEM,534836.00N,1315345.00W
BEMEP,725319.6696N,0842243.7402W
BEMIG,532209.3205N,1135408.4967W
BEMIK,482345.2873N,0584656.3969W
BEMIL,554103.4984N,0981352.1232W
BEMIM,494738.00N,101931.00W
BEMOD,485246.00N,641012.00W
BEMOG,460902.5788N,0753421.2979W
BEMOK,511712.4228N,1165816.4998W
BEMUB,463540.2264N,0810458.4786W
BEMUT,482239.00N,1231130.00W
BENAB,46159.00N,704826.00W
BENER,575639.9065N,1013525.8982W
BENEX,492254.26N,0980102.26W
BENIN,464558.32N,0713513.66W
BENIP,525151.8742N,1043910.0714W
BENOM,604644.00N,1355516.00W
BENUL,661935.00N,12940.00W
BENUN,495243.00N,100395.00W
BEPED,441444.91N,0771310.96W
BEPEX,535854.00N,1224138.00W
BEPIB,495011.35N,1194738.28W
BEPIR,442851.7824N,0795330.1442W
BEPOS,532154.00N,1315816.00W
BEPUN,63529.00N,117430.00W
BERAK,653000N,0700000W
BERIB,545022.00N,1271113.00W
BERIG,433410.00N,79201.00W
BERIX,51105.00N,11498.00W
BEROB,482413.00N,891130.00W
BEROT,514443.0505N,1141233.5213W
BEROV,683520.00N,954054.00W
BERUP,444254.48N,0633601.33W
BESEC,621450.2206N,1325204.7336W
BESID,435759N,0804646W
BESIK,63304.00N,683440.00W
BESIX,533708.8153N,0555610.4694W
BESOB,484023.1111N,0684124.6153W
BESOD,52948.00N,881048.00W
BESOV,505645.3056N,1181027.3453W
BESUB,542939.00N,713046.00W
BESUT,623219.2661N,1144520.8334W
BESUX,472944.2818N,0525932.9515W
BETAP,535247.00N,90014.00W
BETAT,56448.00N,761935.00W
BETEP,522126.00N,114143.00W
BETES,424958N,0795425W
BETIM,531317.00N,1054547.00W
BETIP,464329.00N,562858.00W
BETIR,5227.00N,8000.00W
BETOK,48103.00N,785730.00W
BETUG,51158.00N,94245.00W
BETUK,491246.3578N,0572318.3787W
BETUL,450736.0897N,0780952.914W
BEVAG,505240.4306N,1273137.1607W
BEVEB,45494.00N,824936.00W
BEVEX,463339.00N,792315.00W
BEVIB,494028.00N,102385.00W
BEVIG,554147.00N,1063745.00W
BEVIX,45206.00N,652855.00W
BEVOB,455510.3156N,0720158.0725W
BEVOG,512155.00N,573328.00W
BEVOT,500401N,1193557W
BEVOV,530016.2334N,1055308.7944W
BEVOX,562517.5063N,1205135.9106W
BEVUB,452339.00N,73394.00W
BEVUR,465228.00N,80524.00W
BEVUT,454638.9734N,0741831.7644W
BEVUV,513510.00N,57276.00W
BEWEL,421723.00N,804542.00W
BEXAN,46306.00N,723250.00W
BEXAR,464552.601N,0713303.3184W
BEXAS,473854.00N,524651.00W
BEXEP,501145.00N,611545.00W
BEXIG,54825.00N,1152859.00W
BEXIK,493319.1171N,1202522.0197W
BEXIM,491257.00N,1231748.00W
BEXOB,58412.00N,68731.00W
BEXOD,511322.00N,1143420.00W
BEXOG,600353.2206N,0695911.4569W
BEXOX,544528.1676N,0952454.0149W
BEXUB,495128.6749N,1120422.4962W
BEXUS,502044.00N,107578.00W
BEXUT,493602.0257N,1125451.9805W
BEXUX,533412.98N,1223444.23W
BEZOV,483212.35N,1222727.58W
BIBAP,584554.00N,935918.00W
BIBER,425931.36N,0812900.06W
BIBIK,501036.00N,614214.00W
BIBOD,48276.00N,583411.00W
BIBOL,54154.00N,1322153.00W
BIBUG,614139.2065N,1204716.4272W
BIJTO,482226.00N,1231926.00W
BILKA,443546.27N,0632704.66W
BILKO,601233.2726N,1330553.961W
BILKU,633422.00N,6893.00W
BILNU,494754.9287N,0865011.7838W
BILTI,512248.00N,56938.00W
BIMDA,484150.00N,722831.00W
BIMGU,494513.813N,0922933.3608W
BIMKA,481534.9203N,0535733.2276W
BIMKI,43160.00N,79576.00W
BIMKU,461611.00N,642659.00W
BIMPO,433119.6374N,0792945.0606W
BIMRA,522349.00N,782956.00W
BIMVA,500818.3647N,0915511.8307W
BIMVI,530238.8747N,1313347.6761W
BINDA,495520.7582N,1092038.9404W
BINDI,505522.3485N,1272851.241W
BINLA,621304.8694N,1370002.9455W
BINSA,590005.0552N,1222425.259W
BINSI,453921.00N,735547.00W
BINVO,504532N,1162803W
BIPDA,464657.00N,711956.00W
BIPKI,541055.7589N,0582016.4277W
BIPKO,454324N,0742139W
BIPNA,530659.8692N,1133851.5578W
BIPNO,531459.00N,604613.00W
BIPRA,45303.00N,75391.00W
BIPSU,530347.968N,1314521.3417W
BIPTA,493409.0784N,1033509.7249W
BIRDA,542035.00N,110135.00W
BIRDU,50191.00N,633012.00W
BIRKO,512833N,1131549.2W
BIRLI,433305.6687N,0792655.9355W
BIRPA,45640.00N,794518.00W
BIRPO,452515.00N,73493.00W
BIRVI,703924.00N,1182442.00W
BISDA,435138N,0792658W
BISDI,610451.0298N,1344512.0877W
BISGA,491224.00N,565915.00W
BISKU,491739.9904N,1030031.2628W
BISLI,55174.00N,123810.00W
BISNO,523032N,1134512W
BISTI,434449N,0795140W
BISVI,47333.00N,651350.00W
BITGA,512931N,1135825W
BITKA,532727.0255N,1132950.557W
BITLU,533136.0702N,0571036.4061W
BITMA,562634.5789N,1210642.3696W
BITMU,533731.00N,642334.00W
BITPO,443655.2712N,0800821.5807W
BITVI,500905.6884N,1192334.2045W
BIVBI,68512.00N,81399.00W
BIVGA,551408.3076N,1185904.9786W
BIVGI,482257.3908N,0684204.4873W
BIVMI,532852.00N,6057.00W
BIVMU,47558.00N,55339.00W
BIVPU,460205.4175N,0674651.483W
BIVRA,503541.00N,1044254.00W
BIVRO,453127.00N,734711.00W
BIVTI,470028.4427N,0711403.9461W
BIVTO,482401.5452N,0591034.3692W
BLACC,513825.00N,762457.00W
BLOOS,43517.00N,795215.00W
BOATH,512143.00N,895615.00W
BOBKI,452500N,0742546W
BOBKU,503043.00N,1042348.00W
BOBSU,453148N,0782429W
BOBTA,434852N,0793931W
BOBTI,502354.00N,1191520.00W
BOBUX,623234.9745N,1135747.5287W
BODBO,762028.3557N,0825429.1947W
BODGA,484620.00N,721420.00W
BODGO,531457.00N,603411.00W
BODLI,491729.9594N,1031534.9144W
BODLU,435137.00N,81318.00W
BODMI,491518.00N,124953.00W
BODPA,550545.8515N,1271944.2238W
BODPI,654058.1601N,1064351.3347W
BODPO,465260.00N,71317.00W
BODSU,504115.9838N,1120000.7883W
BODVI,494030.2941N,1200146.3748W
BOGDU,491915.8809N,1164428.6763W
BOGNI,491646.1651N,0822250.6837W
BOGNO,500246.4448N,1192325.1386W
BOGNU,522722.00N,90118.00W
BOGSA,513152.5745N,1212301.4019W
BOGTA,534250.00N,775718.00W
BOINK,501218.803N,1042524.481W
BOJTO,473831.00N,613835.00W
BOKBA,66937.00N,129430.00W
BOKBI,532931.00N,601654.00W
BOKLU,455021.8884N,0743540.5785W
BOKPO,545509.1909N,0592033.9767W
BOKRI,561723.00N,120505.00W
BOKTI,462832.8253N,0842829.9054W
BOKTO,511415.00N,583952.00W
BOKVA,473238.00N,7074.00W
BOLDA,560736.6388N,1181755.1698W
BOLDI,494823.00N,119296.00W
BOLMA,53756.00N,604711.00W
BOLPU,53937.00N,604326.00W
BOLRA,543143.00N,1103744.00W
BOMDO,60740.00N,1234248.00W
BOMET,441012N,0775859W
BOMEV,612158.00N,139137.00W
BOMIL,500135.9088N,0920919.0737W
BOMIP,520942N,1122558W
BOMIR,522738.00N,1133621.00W
BOMIS,595430.00N,1113824.00W
BOMLO,560316.1668N,1203725.3642W
BOMOG,530630.6276N,0871003.62W
BOMOL,51441.00N,1133421.00W
BOMON,572200N,1214600W
BOMOP,651227.00N,123264.00W
BOMUG,443545.035N,0632521.54W
BOMUK,534648.4977N,0564803.1151W
BOMUM,582828.00N,70460.00W
BOMUV,47362.00N,694359.00W
BONAB,442745.00N,763734.00W
BONAD,473726.86N,0525917.35W
BONAG,482512.1895N,0813524.1236W
BONAS,583019.6131N,1295413.8599W
BONAT,511010.4717N,1140913.9383W
BONAV,522234.00N,1102033.00W
BONEB,65182.00N,1265312.00W
BONED,432851.00N,795634.00W
BONEP,49850.00N,100388.00W
BONIV,463327.00N,805048.00W
BONOG,615835.00N,75437.00W
BONOX,455907.6653N,0645109.0306W
BOOTI,453130.00N,654211.00W
BOPAB,60476.00N,783546.00W
BOPEP,524116.4568N,0663334.8246W
BOPES,52445.00N,65428.00W
BOPET,542105.7435N,0975341.2806W
BOPIM,672705.7284N,0641031.7271W
BOPIP,433422.1873N,0792344.3806W
BOPOM,58352.00N,1092141.00W
BOPUG,531304.7274N,1054902.534W
BORAB,502924.1043N,0960633.6854W
BORAD,505218.4118N,1161834.975W
BORAG,511704.0787N,1181556.7348W
BOREB,552228.0998N,1105133.14W
BOREG,592721.00N,1203219.00W
BOREK,425615N,0795651W
BORET,4910.00N,1173625.00W
BORID,433537.00N,793355.00W
BORIX,515335N,1100000W
BOROB,63325.00N,1165543.00W
BOROD,521001.1903N,1220135.4624W
BOROR,531251.00N,1145735.00W
BORUP,482031.16N,0710046.77W
BORUV,64219.00N,1165234.00W
BORUX,433956N,0792527W
BOSEP,430616N,0820030W
BOSIM,535707N,1124629W
BOSIP,45542.00N,824850.00W
BOSIR,434626.6235N,0654943.4084W
BOSOD,461853.00N,79556.00W
BOSOK,534126.00N,1223644.00W
BOSUB,57914.00N,1194021.00W
BOSUG,682152.00N,1064420.00W
BOTAG,510413N,1143631W
BOTAK,573449.00N,105634.00W
BOTAT,681300.5858N,1063631.7213W
BOTAV,603634.406N,1345829.4136W
BOTAX,511723.00N,1141317.00W
BOTED,45304.00N,723046.00W
BOTEG,511056.251N,1141122.824W
BOTEV,483921.958N,0811938.0985W
BOTEX,432127.00N,80338.00W
BOTIB,433914N,0791716W
BOTIN,525036.00N,665136.00W
BOTIT,502529.00N,1044755.00W
BOTIV,463615.9131N,0804856.8275W
BOTOS,463052.7512N,0754311.9145W
BOTUK,693724.00N,93426.00W
BOTUN,551104.4951N,1184450.8623W
BOTUR,494538.7098N,0972410.2006W
BOVAD,494914.00N,924231.00W
BOVAK,455434.00N,825557.00W
BOVAL,433204N,0793800W
BOVAM,623320.00N,773449.00W
BOVAN,504634N,1131549W
BOVED,561456.325N,1181327.4673W
BOVEK,473213.69N,0523818.04W
BOVIG,641045.00N,117270.00W
BOVIL,515723.00N,1012324.00W
BOVIX,51159.00N,114116.00W
BOVOT,46655.00N,642354.00W
BOVOX,505236.00N,1145341.00W
BOVUB,591804.0438N,1070239.6582W
BOVUD,481958.00N,1231416.00W
BOVUG,430449.7031N,0795347.0902W
BOVUR,501642.00N,6230.00W
BOVUT,42485.00N,804547.00W
BOVUX,532813.9016N,1131436.855W
BOXAB,435704.8217N,0661554.6708W
BOXAN,43213.00N,794223.00W
BOXAR,494620.2512N,1193926.3736W
BOXAT,49326.00N,1165050.00W
BOXAV,441310.7693N,0782525.7512W
BOXEM,46640.00N,643231.00W
BOXEP,533144.04N,1133320.77W
BOXET,531848.668N,1134547.4008W
BOXEX,584215.3948N,1225921.6292W
BOXIM,513133.00N,783954.00W
BOXIP,435105.3056N,0795211.1075W
BOXIS,482028.00N,712041.00W
BOXIT,483120.00N,68309.00W
BOXOK,545229.6012N,0850653.584W
BOXOP,495158.8189N,0833311.7286W
BOXOS,543708.7099N,0943430.4118W
BOXUM,441041N,0801206W
BOXUN,56399.00N,1113814.00W
BRANY,484315.00N,123488.00W
BRYTE,53134.00N,1055242.00W
BUBAG,465560.00N,555911.00W
BUBAK,452427.7047N,0735942.9454W
BUBAX,48453.00N,652939.00W
BUBEL,56357.00N,762948.00W
BUBET,46859.00N,60358.00W
BUBID,613819.00N,734118.00W
BUBOB,561336.00N,615011.00W
BUBON,491441.00N,675753.00W
BUBOT,45129.00N,65156.00W
BUBOV,46953.00N,64370.00W
BUBUL,491346.00N,1233330.00W
BUBUP,510311.1866N,0935443.9506W
BUDAP,54548.00N,1143743.00W
BUDAR,484713.00N,811517.00W
BUDUM,800000N,0691500W
BULGE,432542.19N,0785536.26W
BUNUG,523243.00N,554221.00W
BURSH,494931.00N,942349.00W
BUTTN,584722.00N,94710.00W
BYGOM,652357.7233N,1060857.7083W
BZXIV,4900.00N,1163151.00W
CABTI,424550.81N,0822802.97W
CAFRE,485237.00N,675413.00W
CAGAP,421050.81N,0830800.49W
CAGKA,415944.00N,814239.00W
CAKEB,414035.00N,822751.00W
CALHY,4499.00N,763542.00W
CALVE,512340.00N,55571.00W
CALVY,43486.00N,792842.00W
CAMGU,41424.00N,822041.00W
CANAL,44338.00N,773748.00W
CANCR,411820.15N,0813439.41W
CASID,455838.00N,645148.00W
CATGA,462819.00N,84281.00W
CAVUR,451107N,0752916W
CAYLY,453716.3351N,0621430.1765W
CDGPN,482247.00N,123942.00W
CDLYC,4900.00N,112291.00W
CDSCC,4901.00N,955356.00W
CESGE,472135.00N,683232.00W
CEVIN,523010.00N,1302925.00W
CHAAP,423019.02N,0804057.36W
CHAIT,485345.00N,123821.00W
CHAPS,495016.00N,742645.00W
CHARB,542914.00N,1102552.00W
CHARP,512336.00N,554728.00W
CHATH,452151.00N,655849.00W
CHAUT,452423.00N,735954.00W
CHEPS,503221.00N,1044844.00W
CHETE,494959.00N,981123.00W
CHIFE,704144.00N,1181125.00W
CHIPS,45440.00N,643918.00W
CHUCK,49534.00N,1154717.00W
CINNO,533623.00N,773631.00W
CIPOT,743542.00N,945148.00W
CIRCK,634929.00N,685820.00W
CLAVY,641400N,0590000W
CLOVR,482058.00N,1231942.00W
CNM3,462223.00N,795456.00W
CODDS,42853.00N,812237.00W
COFGI,422259.00N,82495.00W
COGLN,49345.00N,564451.00W
COLEJ,473256.00N,613219.00W
COLTU,490830.57N,0960555.41W
COMOE,494340.00N,941754.00W
COREK,463715.00N,674523.00W
CORMM,525855.00N,112467.00W
COURT,54538.00N,115395.00W
COUTC,485739.00N,125162.00W
CRANE,501446.046N,1051509.472W
CRICH,514919.00N,94559.00W
CROSI,45846.00N,66138.00W
CRPSL,42130.00N,811124.00W
CUDDY,564200N,0570000W
CUPUD,421839.00N,825432.00W
CUVIE,453110.00N,71546.00W
CYCD,49316.00N,1235212.00W
CYPTI,45190.00N,653822.00W
CYRUS,51248.00N,56202.00W
DACIS,434722.00N,792217.00W
DAMOX,49814.00N,573031.00W
DAMUB,453308.0521N,0733153.2832W
DAMUD,725019.8371N,0843612.8045W
DAMUS,502221.39N,1050626.61W
DAMUT,494718.00N,1193638.00W
DAMUV,51179.00N,1165824.00W
DAMUX,521049.4697N,1052922.1227W
DANAV,48315.00N,583956.00W
DANAX,502947.17N,1052903.65W
DANEP,45458.00N,795156.00W
DANIP,432530N,0794733W
DANIR,48435.00N,723553.00W
DANIT,515556.3266N,1213154.8689W
DANLO,525150.1426N,1042312.073W
DANNA,541352.00N,11052.00W
DANOL,454154.00N,674716.00W
DANOS,601822.0346N,0773415.5928W
DAPEV,442900.7157N,0793640.5058W
DAPIG,484053.00N,782819.00W
DAPIT,530938.9874N,1130918.1404W
DAPIV,580026.7215N,1012918.307W
DAPOB,47418.00N,795948.00W
DAPOP,505227N,1100000W
DAPOV,531119.00N,1224010.00W
DAPUN,544355.00N,66439.00W
DAPUS,493448.72N,1200829.0395W
DARAK,543320.6322N,1130342.3876W
DARAM,48330.00N,68129.00W
DARAP,555016.41N,1195114.35W
DAREG,465300.03N,0713039.47W
DAREP,49326.00N,1235212.00W
DARID,443620.0955N,0804434.3803W
DARIG,482552.00N,89425.00W
DARIK,475320.2921N,0845105.2918W
DARIM,664404.8623N,0914204.7741W
DARIT,613244.6715N,1204102.6742W
DAROD,442346.6542N,0795114.9196W
DAROG,435336.00N,79369.00W
DAROM,433901.7134N,0791757.4905W
DAROX,494318.00N,865747.00W
DARPU,432827N,0794318W
DARRI,462348.00N,79194.00W
DARSU,514214.00N,1134759.00W
DARUD,502237.5581N,1193537.0796W
DARUV,433248.886N,0794659.8508W
DARVI,542355.00N,712747.00W
DASAD,460208.6312N,0721214.6782W
DASAT,450318.8874N,0745318.2148W
DASAX,521215.00N,1281024.00W
DASBA,651000N,1000000W
DASBO,535557.56N,0910851.94W
DASEN,452233.19N,0740102.04W
DASEP,501203.6443N,0913916.8928W
DASGI,492133.00N,97538.00W
DASGO,500312.8355N,1252551.1503W
DASGU,450647.5081N,0655504.7559W
DASIM,52455.00N,8896.00W
DASIN,61032.00N,1352553.00W
DASIR,431919.616N,0821453.0603W
DASKA,48441.00N,64735.00W
DASMU,485720.011N,1243436.8225W
DASRO,441729.00N,7816.00W
DASRU,650638.2688N,0962432.645W
DASUB,490724.6855N,1024021.5879W
DASUD,462745.00N,7626.00W
DASUG,473421N,0804917W
DASUV,443404.8819N,0794134.7141W
DATAB,462746.7697N,0742729.3923W
DATAG,521627.00N,1135333.00W
DATAT,531235.8947N,1125722.2546W
DATAV,513354N,1125140.8W
DATBA,503830.266N,1180505.6W
DATBO,501440.00N,1193428.00W
DATET,535011.00N,132522.00W
DATEV,532750.9179N,1053655.8311W
DATIB,50124.00N,982812.00W
DATIP,554907.1569N,0605536.1747W
DATIV,494742.00N,745425.00W
DATKU,503632.5109N,1271349.4026W
DATLA,684134.00N,892759.00W
DATMU,684119.00N,96245.00W
DATNO,500356N,1160838W
DATOP,622124.00N,78428.00W
DATRO,495242.00N,1004754.00W
DATSI,491822.0605N,1231943.0373W
DATUR,4579.00N,732723.00W
DAVAG,521647.8609N,1135333.9171W
DAVAK,633153.00N,684849.00W
DAVAN,475358.00N,773256.00W
DAVBI,522414.00N,78384.00W
DAVDA,444327N,0752228.2W
DAVDI,481724.00N,77513.00W
DAVED,5448.00N,1282934.00W
DAVEG,663230.782N,0910444.1754W
DAVEL,58918.00N,685339.00W
DAVIK,435130N,0793345.6W
DAVKA,49451.00N,675512.00W
DAVKO,494339.4777N,1241528.2976W
DAVLI,57446.00N,1105836.00W
DAVMU,47424.00N,525055.00W
DAVNI,435245.4495N,0595726.0899W
DAVNO,434916.2N,0791257W
DAVOK,425355.00N,805917.00W
DAVOP,535615.00N,90618.00W
DAVRU,532529.9409N,1133538.7296W
DAVSI,434218N,0791308W
DAVSO,45177.00N,633943.00W
DAVUD,4657.00N,60036.00W
DAVUM,462424.00N,791214.00W
DAVUX,61580.00N,753236.00W
DAXAB,463752.00N,715036.00W
DAXAD,653821.3357N,1062917.0116W
DAXAK,492423.00N,964143.00W
DAXAT,43324.00N,80619.00W
DAXAV,51244.00N,565039.00W
DAXAX,622750.2106N,1145003.3998W
DAXET,484649.2909N,1233800.0329W
DAXEX,541329.00N,132107.00W
DAXIN,57347.00N,1111257.00W
DAXIR,512226N,1144144W
DAXIT,584758.00N,93463.00W
DAXOM,583854.00N,775656.00W
DAXOR,454621.00N,815244.00W
DAXUG,501945.34N,1043943.53W
DAXUK,643059.00N,1102147.00W
DAXUL,441312.4018N,0782516.0232W
DAXUN,433036.00N,80144.00W
DCDGG,455713.00N,701523.00W
DEBAB,550601.6826N,1190805.1617W
DEBAG,500450.11N,0972837.34W
DEBAX,431108.63N,0811959.15W
DEBEB,463622.00N,745059.00W
DEBEK,434621.00N,79379.00W
DEBEV,51243.00N,1133326.00W
DEBEX,684830.3027N,0814704.7816W
DEBGA,533831.945N,1133348.7944W
DEBGO,434922N,0794751W
DEBID,43052.00N,812510.00W
DEBIV,525836.5881N,0790819.8433W
DEBLU,474858.8193N,0845443.2562W
DEBMI,494543.4306N,1094302.9171W
DEBNU,465635.00N,711049.00W
DEBOB,55188.00N,105715.00W
DEBOV,44476.00N,81351.00W
DEBSA,5339.00N,892345.00W
DEBSI,532832.9236N,0560441.7293W
DEBTU,441859.00N,81106.00W
DEBUM,443832N,0774518W
DEBUN,514617.00N,652816.00W
DEBUS,545553.00N,67427.00W
DEBVU,52518.00N,664923.00W
DEDAM,485212.33N,1233643.18W
DEDAR,452722.00N,75557.00W
DEDBA,545809.277N,0594030.3895W
DEDEL,473254.202N,0683514.2624W
DEDIB,541832.2323N,1283508.2571W
DEDID,533523.5421N,1052135.9277W
DEDIL,593001.4056N,1072840.5263W
DEDKI,434125N,0784306W
DEDMI,452344.00N,713452.00W
DEDNI,513930.00N,754950.00W
DEDRI,571954.3973N,1021304.7072W
DEDRU,493518.687N,1033706.2705W
DEDVU,483607.63N,0931951.96W
DEGBA,501116.8288N,0993539.949W
DEGBI,533413.00N,761458.00W
DEGDA,49059.00N,1222549.00W
DEGLO,495010.00N,981015.00W
DEGLU,501414.7923N,0655501.8275W
DEGMI,494736.0611N,0743036.407W
DEGMU,562916.7142N,0613903.3334W
DEGPI,495958.00N,965552.00W
DEGPO,483741.2577N,1231855.7787W
DEGRI,452731.00N,714445.00W
DEGRO,433128.1483N,0792658.7816W
DEGTI,511443.226N,1165536.6016W
DEGVI,453950.0004N,0740155.0005W
DEKDA,494025.0002N,0970947.1435W
DEKDU,524559.00N,89321.00W
DEKLA,473225.3827N,0522847.7347W
DEKNI,434652.2N,0791628.2W
DEKNO,534525.00N,893530.00W
DEKRI,52255.00N,782441.00W
DEKSI,524558.00N,1221530.00W
DEKSO,500528.0239N,1252922.2161W
DEKVA,46425.00N,604548.00W
DEKVI,495858.8277N,1251915.9028W
DEKVU,521828.8739N,1221559.9731W
DELBI,491532.00N,571852.00W
DELGI,480209N,0884636.6W
DELGO,520048.2573N,1045342.3286W
DELKI,453352.00N,73281.00W
DELPU,474630.00N,524515.00W
DELRA,604834.00N,136445.00W
DELSU,48254.00N,683547.00W
DELTU,582448.18N,1160542.1W
DELVA,43727.00N,794225.00W
DEMDA,593426.6969N,0974630.2W
DEMDI,514051.0092N,1211832.8526W
DEMGA,554745.1694N,1201939.8445W
DEMLI,583953.0023N,1224906.1118W
DEMLO,452155.00N,735821.00W
DEMLU,625351.00N,70058.00W
DEMRI,462158.00N,635434.00W
DEMRO,611152.00N,942411.00W
DEMSI,514313.00N,762712.00W
DEMVA,453548.00N,734024.00W
DEMVI,53221.00N,1115237.00W
DEMVU,583239.8578N,1170531.9097W
DENBA,473156.00N,793853.00W
DENBI,630543.4995N,1170528.5592W
DENEZ,501052.00N,662525.00W
DENGO,635958.5033N,1170310.143W
DENKA,435211N,0790347W
DENLO,55252.00N,1072621.00W
DENLU,522537.00N,1102540.00W
DENPI,434636.1625N,0792627.3013W
DENPO,64633.00N,96760.00W
DENSO,503042.00N,593423.00W
DENTU,502044.00N,1045516.00W
DENVA,555551.0266N,0611627.2441W
DEPDO,493719.00N,983955.00W
DEPGO,441423.00N,781840.00W
DEPGU,674026.4483N,0635730.892W
DEPLI,521426.00N,765514.00W
DEPMA,540301.9287N,1233054.8855W
DEPMO,633339.5042N,0682312.9211W
DEPRA,511322.00N,1133346.00W
DEPRI,45149.00N,644620.00W
DEPRO,483411.6638N,0812500.1032W
DEPRU,431644.00N,795525.00W
DEPSA,535244.00N,732020.00W
DEPTU,435537.00N,791740.00W
DEPVU,51406.00N,761542.00W
DERBA,524029.1861N,1023121.6332W
DERDO,502454.7448N,1041559.8464W
DERDU,415144.7355N,0825318.1277W
DERGI,64187.00N,764436.00W
DERGO,45459.00N,735415.00W
DERGU,552726.5544N,1105050.6654W
DERLO,430359N,0810543W
DERMU,532349.3221N,1315909.0203W
DERPI,452513.00N,712359.00W
DERSA,53134.00N,1053112.00W
DERSI,49311.00N,123131.00W
DERVO,495751.6917N,1120108.4135W
DESBA,604338.2182N,1232128.7104W
DESBO,461508.9824N,0705909.1501W
DESDI,461844.4144N,0724254.0971W
DESGI,525638.6337N,1192650.6796W
DESGU,433847.4954N,0790539.2266W
DESKA,533550.00N,773536.00W
DESKI,452245N,0762048W
DESNO,54720.00N,125567.00W
DESNU,500242N,1111131W
DESRI,53721.00N,603529.00W
DESTI,531228.00N,93333.00W
DETGA,473613.00N,52442.00W
DEVIE,483934.00N,933223.00W
DEXUN,790000N,0722400W
DIZWE,46420.00N,823321.00W
DOBIE,422541.52N,0810244.9W
DONYA,421217.00N,825819.00W
DORYY,560200N,0570000.007W
DPCXG,594329.86N,1351938.22W
DRESD,55120.00N,1271934.00W
DUBLO,545026.00N,942231.00W
DUCED,45118.00N,7377.00W
DUDKO,533052.6525N,1133134.803W
DUDLI,462252.00N,805032.00W
DUDLO,544312.00N,662943.00W
DUDNI,521412N,1125640.2W
DUDPI,502548.00N,1191314.00W
DUDSA,504611.7092N,1143712.1696W
DUDSI,442800.7232N,0801125.6862W
DUDSO,453854.00N,73391.00W
DUGBU,450702N,0770347W
DUGDA,435411.7799N,0791950.0237W
DUGDO,464551.00N,712555.00W
DUGDU,482540.00N,891415.00W
DUGLS,50135.00N,663439.00W
DUGMO,473908.19N,0525143.11W
DUGNA,623218.00N,1144032.00W
DUGRU,531939.00N,1315458.00W
DUGSI,64474.00N,1103144.00W
DUGVO,451443.00N,65421.00W
DUGVU,53141.00N,1145260.00W
DUKBA,464724.00N,712453.00W
DUKDU,535940.6603N,0974409.5046W
DUKES,533421.00N,1133110.00W
DUKLI,634918.00N,68423.00W
DUKLO,545020.00N,935634.00W
DUKLU,552316.00N,8000.00W
DUKNO,542938.9373N,0980124.6857W
DUKNU,500840.8556N,0955414.2974W
DUKSU,622219.00N,752614.00W
DUKTI,450719.5006N,0752928.8653W
DULDA,491723.00N,1173720.00W
DULKI,491350.00N,1232535.00W
DULKO,474010.00N,524830.00W
DULKU,503512.00N,1012359.00W
DULNU,494549.877N,1245645.774W
DULPA,43346.00N,79491.00W
DULPO,5281.00N,1113634.00W
DULSO,66912.00N,1281330.00W
DULSU,533940.00N,774844.00W
DUMDA,562425.8031N,1145319.2172W
DUMDI,50952.00N,602122.00W
DUMKU,545954.7039N,0853442.5554W
DUMLI,693650.00N,934111.00W
DUMRA,503843N,1141442W
DUMRI,581018.61N,1163937.27W
DUMSA,421136.00N,82147.00W
DUMVA,463732.8116N,0711415.9155W
DUMVI,474128.00N,695524.00W
DUMVO,445855.00N,644315.00W
DUNDU,603244.586N,1342656.1472W
DUNEK,65937.00N,1262351.00W
DUNEM,52157.00N,1055643.00W
DUNEN,445836.00N,64476.00W
DUNGI,4662.00N,645728.00W
DUNID,532153.00N,60164.00W
DUNIL,55126.00N,123716.00W
DUNIM,605648.00N,935321.00W
DUNIN,523029.00N,1145916.00W
DUNIP,53932.00N,115136.00W
DUNIT,551128.00N,1184427.00W
DUNIX,465237.00N,65448.00W
DUNJY,483747.00N,1231853.00W
DUNOL,485115.00N,912237.00W
DUNOP,433239N,0800104.2W
DUNPI,435323.8126N,0662035.3827W
DUNPU,634138.00N,1102945.00W
DUNTI,605938.00N,1351721.00W
DUNTO,421218.66N,0830847.33W
DUNTU,485800.67N,1173615.47W
DUNUB,711716.00N,79155.00W
DUNUD,464713.00N,71273.00W
DUNUG,46458.00N,755646.00W
DUNUK,572043.00N,1114235.00W
DUNUM,453415N,0754905W
DUNUN,583635.00N,1111423.00W
DUNUP,451734.9005N,0733521.894W
DUNUR,70444.00N,117587.00W
DUNUX,541816.00N,1105352.00W
DUPAP,482740.00N,721149.00W
DUPAR,440613.51N,0771435.07W
DUPAT,573341.00N,111305.00W
DUPAX,532555.00N,601128.00W
DUPDO,425547.1772N,0810056.9157W
DUPET,504146.078N,1121106.2883W
DUPGA,48338.00N,585545.00W
DUPGI,445333.00N,64408.00W
DUPGO,482611.00N,8932.00W
DUPIK,463634.3251N,0674920.3923W
DUPIN,625031.9489N,1363938.6469W
DUPIP,620733.7564N,1325904.8751W
DUPIR,461142.00N,704945.00W
DUPIS,543656.08N,1102839.15W
DUPIV,493820.6244N,1130910.3077W
DUPIX,47155.00N,652044.00W
DUPLI,530505.4686N,0651234.2071W
DUPLU,51110.00N,114116.00W
DUPMA,745313.00N,95724.00W
DUPOB,704657.413N,1173512.8562W
DUPOG,541020.9687N,0932527.2029W
DUPOM,521557.9744N,1283040.2832W
DUPOR,52392.00N,903049.00W
DUPOT,550254.9894N,1271451.596W
DUPUB,483112.00N,812435.00W
DUPUL,515918.5771N,1065302.9W
DUPUN,473146.00N,694750.00W
DUPUR,43234.00N,803621.00W
DUPUV,532110.00N,1135437.00W
DUPUX,551603.7403N,1183424.1608W
DURAD,472850.8669N,0620128.2592W
DURAG,484402.9426N,0790606.6171W
DURAL,51435.00N,1135356.00W
DURAR,442910.00N,80354.00W
DURAT,512128.00N,801859.00W
DURAV,500115.2617N,0973423.45W
DUREB,761529.7788N,0825452.4212W
DUREG,483324.00N,704717.00W
DUREK,582927.00N,119059.00W
DUREN,485148.00N,54353.00W
DURER,693057.00N,1332052.00W
DUREX,504144.7413N,1274553.9642W
DURGI,511440.00N,1165542.00W
DURGO,603833.00N,782519.00W
DURID,490844.485N,0663411.4962W
DURIP,525426.00N,1124228.00W
DURIR,641331.592N,0960117.3732W
DURIT,49850.00N,1004545.00W
DURIX,561518.7881N,1204619.4308W
DURLI,625212.2944N,0695620.608W
DURLU,463056.2367N,0843916.6117W
DURMI,602132.00N,1231114.00W
DUROS,454327.3112N,0734747.7161W
DURPO,43152.00N,82214.00W
DURPU,493113.00N,114331.00W
DURUB,510206.9349N,0995934.1637W
DURUD,453943.00N,623248.00W
DURUK,45343.00N,74023.00W
DURUL,500336.8078N,1192358.8095W
DURUN,445432.00N,651221.00W
DURUS,521315.93N,1063235.22W
DURUV,490659.7868N,0682021.0664W
DURVA,511343.9184N,1135924.5844W
DURVU,52327.00N,1144644.00W
DUSAB,414652.1854N,0823457.2277W
DUSAL,464518.6609N,0810108.1913W
DUSAP,461621.00N,601326.00W
DUSDU,483910.7792N,0813941.2206W
DUSEG,563911.00N,111322.00W
DUSEL,555746.00N,1132854.00W
DUSEM,455159.00N,822231.00W
DUSEN,445950.6438N,0641147.3401W
DUSEP,622909.4389N,1142645.1829W
DUSET,49055.00N,855719.00W
DUSGA,671746.00N,134391.00W
DUSGI,493351.00N,975059.00W
DUSGO,51324.00N,783858.00W
DUSID,525454.8693N,0721110.6364W
DUSIG,434718.00N,81648.00W
DUSIN,462221.00N,673553.00W
DUSIR,55459.00N,1195422.00W
DUSIV,533630.58N,1133923.46W
DUSLU,482057.6031N,0641755.7227W
DUSMI,584312.00N,66040.00W
DUSMO,514945.00N,11394.00W
DUSOD,454341.5894N,0730003.3413W
DUSOK,565102.7531N,1175552.1366W
DUSOL,634830.00N,69530.00W
DUSOM,431447N,0794025W
DUSOT,493531.00N,1023859.00W
DUSOX,492439.00N,62115.00W
DUSPU,491616.00N,57637.00W
DUSRI,583455.00N,1094047.00W
DUSUK,584733.00N,111326.00W
DUSUM,500009.076N,1192303.1659W
DUSUR,524237.00N,66522.00W
DUSUS,495925.1384N,1104551.8269W
DUSVO,582458.2385N,1300200.8432W
DUTAD,425022.00N,81655.00W
DUTAG,682218.00N,13417.00W
DUTAK,511338.00N,572151.00W
DUTAS,52475.00N,664660.00W
DUTBA,493113.00N,1134341.00W
DUTBI,521441.00N,1005736.00W
DUTEB,680201.4987N,1063342.044W
DUTED,474144.00N,64469.00W
DUTEL,443959N,0811747W
DUTEM,563035.1336N,0792306.2319W
DUTEN,50179.00N,965331.00W
DUTEX,435029.75N,0792115.6747W
DUTIG,585215.00N,94234.00W
DUTIK,461855.1978N,0643449.9956W
DUTIM,424658.00N,805917.00W
DUTIR,45424.00N,632753.00W
DUTIS,501354.00N,615443.00W
DUTIT,453922.00N,611423.00W
DUTIV,434607.8441N,0790234.0866W
DUTKI,532210.2048N,1134206.1307W
DUTLA,55928.00N,1191256.00W
DUTNI,474413.00N,645944.00W
DUTNO,491821.00N,123339.00W
DUTNU,482420.00N,1232260.00W
DUTOG,555735.00N,114919.00W
DUTOM,491021.5955N,1230320.0646W
DUTOP,49441.00N,123856.00W
DUTOV,474856.00N,795310.00W
DUTRU,494317.4238N,0970944.7139W
DUTSA,445032.00N,632452.00W
DUTSI,592742.00N,693038.00W
DUTSO,501414.00N,1073617.00W
DUTUB,474132.00N,672856.00W
DUTUD,53515.00N,110532.00W
DUTUL,5337.00N,1134056.00W
DUTUN,501810.00N,915234.00W
DUTUP,522130.3684N,0970937.1793W
DUTUS,463259.00N,642957.00W
DUTUT,435553.39N,0783635.2601W
DUTUX,521635.00N,125753.00W
DUVAK,664039.00N,1195159.00W
DUVAM,531629.00N,60310.00W
DUVAR,462812.00N,642751.00W
DUVAX,445916.00N,651329.00W
DUVBI,560000N,0610000W
DUVBO,510717.3376N,0583804.5137W
DUVDA,53718.00N,1124949.00W
DUVDI,475853.00N,70432.00W
DUVEB,575824.00N,683733.00W
DUVEK,461833.00N,63054.00W
DUVEL,524435.5687N,0755632.466W
DUVEM,67407.00N,1145512.00W
DUVEN,430224.792N,0810825.0008W
DUVET,571334.00N,1105836.00W
DUVIL,452924.275N,0754408.5877W
DUVIR,554233.00N,106291.00W
DUVIV,595747.9466N,1115024.0422W
DUVIX,45385.00N,611630.00W
DUVKO,434807N,0795214W
DUVKU,455233.00N,822953.00W
DUVNU,57655.00N,111016.00W
DUVOB,823755.69N,0611650.68W
DUVOD,715850.00N,1253933.00W
DUVOK,445537.33N,0651711.66W
DUVOL,491817.00N,975231.00W
DUVOM,490910.0259N,0845143.3471W
DUVON,504622.00N,1205520.00W
DUVOP,68438.00N,1063932.00W
DUVOS,440104N,0800004W
DUVOT,62298.00N,14100.00W
DUVOV,462846.00N,795015.00W
DUVOX,494440.00N,94419.00W
DUVRU,653625.6512N,1063426.1347W
DUVSI,54040.00N,1081526.00W
DUVSO,495030.71N,1243258.91W
DUVUK,491200.025N,1180631.2753W
DUVUL,575121.00N,104591.00W
DUVUM,433648.00N,792555.00W
DUVUP,434447.3623N,0662014.2926W
DUVUR,454156.00N,613710.00W
DUXAB,56947.00N,615556.00W
DUXAG,605059.00N,774210.00W
DUXAK,503256.00N,1044934.00W
DUXAN,47528.00N,674737.00W
DUXAP,54547.00N,1223315.00W
DUXAV,523359.00N,901426.00W
DUXAX,465736.3566N,0704304.3727W
DUXEB,57852.00N,1112123.00W
DUXED,613748.9159N,1205358.0329W
DUXEK,491224.2303N,1031531.0082W
DUXEL,51105.00N,804734.00W
DUXEM,48486.00N,64439.00W
DUXEN,462745.00N,6359.00W
DUXEP,501133.4493N,0863300.2194W
DUXES,533421.00N,1133110.00W
DUXEV,540017.4107N,1113133.2454W
DUXID,615029.8284N,1204519.1947W
DUXIG,432153.1471N,0790255.8098W
DUXIK,44491.00N,632150.00W
DUXIM,512344.8948N,0555351.0356W
DUXIP,541033.00N,1105138.00W
DUXIS,58151.00N,1034420.00W
DUXIT,524931.4923N,0762711.2132W
DUXIX,431717.0782N,0814307.1893W
DUXOB,564127.00N,1011313.00W
DUXOK,501610.3518N,1202708.8639W
DUXOM,571351.1662N,1093023.0045W
DUXON,535311.8459N,0920430.8883W
DUXOV,682256.00N,1345718.00W
DUXOX,491238.00N,98261.00W
DUXUB,491728.00N,1233051.00W
DUXUG,512643.00N,895613.00W
DUXUK,493713.00N,1082058.00W
DUXUM,485435.86N,1230256.774W
DUXUS,494942.00N,971434.00W
DUXUV,535222.00N,98547.00W
DUZKO,421644.00N,824414.00W
EARVN,423114.07N,0841124.33W
EBDAB,725418.9921N,0844620.2244W
EBDAD,60428.00N,112244.00W
EBDAK,451633.6964N,0655501.9786W
EBDAL,434716.00N,792618.00W
EBDAN,542458.00N,1261850.00W
EBDAR,535949.00N,90023.00W
EBDAV,465858.6586N,0653310.321W
EBDAX,61210.00N,94127.00W
EBDEM,525152.1096N,1044456.7218W
EBDEN,421537.00N,821849.00W
EBDET,673645.00N,1393342.00W
EBDIG,63371.00N,6917.00W
EBDIK,511013.2N,1135054.6W
EBDIR,795552.00N,854355.00W
EBDIT,511937.1577N,1214822.4897W
EBDOB,462605.0676N,0841729.3734W
EBDON,703240.00N,682610.00W
EBDOS,681754.00N,1334036.00W
EBDOT,450525.2273N,0733401.2526W
EBDOV,500121.47N,1184059.65W
EBDOX,443750.4809N,0811603.2069W
EBDUK,495418.526N,1092558.3061W
EBDUL,69292.00N,933712.00W
EBDUV,495312.00N,1251019.00W
EBGAD,535813.4236N,1282803.5327W
EBGAG,6397.00N,1232210.00W
EBGAL,504149.2N,1132219.2W
EBGAM,53109.00N,1314250.00W
EBGAP,43370.00N,792113.00W
EBGAR,422015.1351N,0820209.5507W
EBGAX,443128.4883N,0794732.6952W
EBGEG,550039.137N,1271411.9594W
EBGEL,525941.2952N,0785833.9261W
EBGEM,485134.21N,1224558.775W
EBGEP,484117.7238N,1233753.8328W
EBGES,635523.00N,117852.00W
EBGET,550416.5195N,0591220.047W
EBGIB,704442.013N,1180202.5483W
EBGID,452425.00N,66455.00W
EBGIG,503446.8552N,0965139.6242W
EBGIL,552358.7832N,1112609.9998W
EBGIP,455216.00N,822620.00W
EBGIR,473246.2077N,0684645.9169W
EBGIV,660623.3429N,0655940.6167W
EBGOG,491230.4297N,1024021.8746W
EBGOK,581517.89N,1163942.56W
EBGOP,65452.00N,127741.00W
EBGOS,514915.4775N,0940214.7004W
EBGOX,495749.00N,983335.00W
EBGUM,662815.00N,86932.00W
EBGUP,440305.6174N,0764315.8045W
EBGUR,452413.00N,732931.00W
EBGUS,473358.44N,0525613.79W
EBKAD,534215.00N,1222826.00W
EBKAG,430726.2034N,0793305.7285W
EBKAK,45534.00N,823417.00W
EBKAP,524855.3844N,0823844.4651W
EBKAR,502524.00N,595820.00W
EBKAS,544111.2833N,0981155.7342W
EBKAX,560718.7116N,1181848.0596W
EBKED,491153.00N,84455.00W
EBKEM,431318.9181N,0800810.6796W
EBKEN,472959.00N,523527.00W
EBKER,493754.0665N,1032951.2501W
EBKET,49391.00N,1015812.00W
EBKEX,484359.00N,804726.00W
EBKID,445325.4909N,0653004.7274W
EBKIG,454039.00N,613017.00W
EBKIL,48219.00N,89155.00W
EBKIM,532436.0622N,1320005.597W
EBKIN,440513N,0794854W
EBKOD,641621.8371N,0960327.5545W
EBKOK,472927.47N,0525850.33W
EBKOP,511537.6782N,1135924.4019W
EBKOR,481411.00N,794746.00W
EBKOT,512142.5155N,0710000W
EBKOV,433440.2051N,0793041.9463W
EBKUL,491437.00N,974318.00W
EBKUR,491050.5971N,0683040.6408W
EBKUV,62847.00N,754032.00W
EBLAG,495615.00N,1195144.00W
EBLAL,42838.00N,82418.00W
EBLAN,494200.7379N,1201748.3107W
EBLAP,494058.00N,1123352.00W
EBLAR,533941N,1125352W
EBLAV,431217.1731N,0814320.4043W
EBLEG,484155.00N,86159.00W
EBLEL,501328.1626N,1184337.374W
EBLEN,535859.2417N,0922702.4531W
EBLEX,491846.6277N,0821551.0146W
EBLIG,523231.0103N,1253633.5089W
EBLIK,424716.00N,805541.00W
EBLIM,511342.00N,565945.00W
EBLIT,49017.00N,1223945.00W
EBLIX,445934.00N,791833.00W
EBLOK,441635.1392N,0780621.9243W
EBLOL,521839.00N,1101360.00W
EBLOM,471530.1222N,0615352.4068W
EBLON,683914.1627N,0813231.5106W
EBLOS,555730.7961N,1113037.3856W
EBLOT,45199.00N,76139.00W
EBLUB,464124.00N,804257.00W
EBLUD,460230.107N,0645626.6261W
EBLUG,461258.00N,59585.00W
EBLUN,500437.7097N,0970407.4194W
EBLUP,545304.5791N,0953605.6389W
EBLUR,493512.00N,944743.00W
EBLUT,434222.2637N,0794044.4925W
EBLUV,444727.00N,633054.00W
EBMAB,461853.00N,60547.00W
EBMAD,523601.5504N,1252724.1319W
EBMAL,49128.00N,1221551.00W
EBMAM,520920.194N,1063139.8445W
EBMAV,452921.00N,73420.00W
EBMAX,622325.4126N,1142552.802W
EBMEK,521634.3864N,0964420.6967W
EBMEL,595824.00N,7012.00W
EBMER,510205.2924N,0940359.461W
EBMES,48264.00N,682441.00W
EBMIG,605828.00N,69305.00W
EBMIM,451015.00N,715418.00W
EBMIP,55654.00N,1183136.00W
EBMOB,545524.00N,665543.00W
EBMOK,454050.00N,73233.00W
EBMOS,491357.00N,981126.00W
EBMOT,584621.9177N,1171827.6606W
EBMOV,46328.00N,7210.00W
EBMUD,442849.9014N,0800446.744W
EBMUG,475056.3861N,0794027.8261W
EBMUK,463133.00N,643654.00W
EBMUL,503257.7114N,1190623.5214W
EBMUM,535751.8951N,0915532.4851W
EBMUS,491060.00N,664121.00W
EBMUV,462507.596N,0840557.8223W
EBMUX,542043.00N,1103844.00W
EBNAD,493641.11N,1193750.52W
EBNAG,52421.00N,1064524.00W
EBNAK,515847.0144N,1192113.7466W
EBNAM,53133.00N,1052113.00W
EBNAN,463358.6626N,0845307.6073W
EBNAP,450754.5196N,0755046.2874W
EBNAT,603931.00N,115373.00W
EBNEK,491820.00N,974955.00W
EDDIT,512121.00N,803016.00W
EDLIB,434436.00N,794233.00W
EGRET,484241.86N,1223034.01W
EKDUL,44537.00N,66450.00W
ELAVN,525214.00N,1124952.00W
ELBES,452733.00N,723719.00W
ELDON,564753.00N,101337.00W
ELEBA,453907.5297N,0742528.4518W
ELEBI,493850.00N,542130.00W
ELEMU,693457.00N,1331224.00W
ELETU,68511.00N,1063915.00W
ELEVI,455142.00N,821914.00W
ELEVO,53482.00N,98137.00W
ELGYN,435518.00N,79261.00W
ELIBU,474620.00N,795523.00W
ELIDA,53457.00N,662212.00W
ELILA,495543.00N,973247.00W
ELINI,521537.00N,106428.00W
ELISI,424736.00N,81050.00W
ELISU,53159.00N,931329.00W
ELITA,513309.2532N,1211516.8965W
ELIXO,474853.00N,672210.00W
ELNUS,780000N,0750000W
ELOGI,465260.00N,653730.00W
ELOLO,454021.5401N,0771628.2008W
ELOPI,504126.9838N,1273803.0092W
ELOPU,475126.00N,775240.00W
ELOTI,500416.6302N,0921055.6135W
ELSEN,49528.00N,119241.00W
ELSES,451017.00N,75403.00W
ELSIL,452413.00N,795417.00W
ELSIM,570213.7156N,1011326.1606W
ELSIR,491437.00N,1233233.00W
ELSOG,511943.3364N,1135046.1627W
ELSOM,441747.00N,763634.00W
ELSUB,442742N,0771111W
ELSUK,464157.3855N,0713132.278W
ELSUL,465846.00N,65343.00W
ELSUV,545751.9882N,1284718.9233W
ELTAD,521050.00N,88251.00W
ELTAT,452728.265N,0733217.0513W
ELTEV,554928.4817N,1113418.6235W
ELTIP,540247N,1125700W
ELTIR,505112.2461N,1273756.3672W
ELTIT,44827.00N,795958.00W
ELTIV,443125.00N,804331.00W
ELTOT,434425.00N,79940.00W
ELTOV,623545.00N,1142852.00W
ELTUM,650029.8421N,1251109.1453W
ELUBO,512645.00N,90412.00W
ELUKI,432618.00N,793822.00W
ELURU,534259.00N,735241.00W
ELUVI,485721.3834N,0543555.1028W
ELUVO,533537.00N,764027.00W
ELVAK,512312N,1131044W
ELVAP,46127.00N,66451.00W
ELVEM,465631.00N,551428.00W
ELVIB,661646.8659N,0653420.657W
ELVIL,54286.00N,1303634.00W
ELVOB,552010.3491N,1052129.2597W
ELVOL,494933.00N,94559.00W
ELVUD,434703.6437N,0792617.5358W
ELVUT,435721N,0792316W
ELVUV,54271.00N,110219.00W
EMAKU,551236.8624N,1182707.3296W
EMALA,49184.00N,1231116.00W
EMASI,463029.6039N,0791517.1612W
EMASU,543432.9013N,0980521.2455W
EMAVU,425720.6281N,0803909.0177W
EMAXA,550627.9477N,0950834.5606W
EMBAV,50129.00N,605532.00W
EMBAX,44433.00N,63229.00W
EMBEP,501442.8956N,0634325.4616W
EMBET,531259.6915N,1133955.0485W
EMBEV,51628.00N,80534.00W
EMBIS,484852.00N,86256.00W
EMBOK,632800N,0580000W
EMBON,494743.00N,100392.00W
EMBOP,433510.00N,793122.00W
EMBUL,461412.00N,745654.00W
EMDAG,44240.00N,81411.00W
EMDAK,49557.00N,573855.00W
EMDAT,490718.4966N,1031527.1154W
EMDAV,494613.4962N,1194908.9922W
EMDEB,474910.00N,672154.00W
EMDED,524360.00N,664648.00W
EMDES,504339.00N,1203650.00W
EMDET,525947.9971N,0785732.7938W
EMDEX,521246.00N,762758.00W
EMDIB,534452.00N,734826.00W
EMDIV,533635.00N,753752.00W
EMDOM,495402.7701N,1125248.1117W
EMDOP,665151.2191N,0914105.6951W
EMDOR,605812.00N,11666.00W
EMDOS,433105N,0791917W
EMDUL,523105.104N,1252219.3004W
EMDUP,534612.00N,95848.00W
EMEDO,594025.5629N,0974605.9477W
EMEGA,452941.00N,72053.00W
EMEGI,472325.8306N,0620249.4296W
EMELI,534711.3735N,0945623.3365W
EMELU,481449.00N,644145.00W
EMEPA,693120.7103N,0933218.6698W
EMETA,553740.9751N,1214600.4239W
EMETI,540208.508N,0973647.2437W
EMGAD,515802.8085N,1222924.0566W
EMGAG,441146.8646N,0763841.352W
EMGAM,44465.00N,66442.00W
EMGEB,501315.7791N,0610818.8722W
EMGIB,421614.00N,82758.00W
EMGID,523830.00N,883023.00W
EMGIR,563802.4858N,1010059.8652W
EMGIS,672522.091N,0641306.9477W
EMGIV,473250.00N,672929.00W
EMGIX,514146.00N,92741.00W
EMGOP,501454.9224N,0865802.4682W
EMGUL,543141.00N,1095835.00W
EMGUP,49850.00N,100378.00W
EMGUR,511555.00N,572855.00W
EMIBI,515949.00N,9436.00W
EMIBO,520738.4887N,1215733.9843W
EMIKA,47394.00N,653036.00W
EMIKI,551102.8095N,1190222.2769W
EMIMI,543903.6665N,1284402.2559W
EMIMU,511426.00N,915443.00W
EMIRO,541657.00N,125483.00W
EMKAG,540103.3424N,1302721.8687W
EMKAM,491440.00N,123336.00W
EMKAN,533339.00N,64125.00W
EMKED,521824.7282N,1282102.5793W
EMKEL,635541.00N,685621.00W
EMKIB,482836.062N,0812533.4062W
EMKID,574137.00N,105328.00W
EMKIX,571541.00N,1112759.00W
EMKOB,472755.6007N,0682558.6516W
EMKOT,601735.00N,1232018.00W
EMKUM,484949.4356N,0790832.8846W
EMKUR,514441.00N,113460.00W
EMKUS,461835.00N,63039.00W
EMLAP,435135.8379N,0795145.3351W
EMLEM,52576.00N,893710.00W
EMLIB,513106.14N,1085421.78W
EMLIT,493931.00N,1022551.00W
EMLIV,673016.4261N,1351919.4706W
EMLOB,543523.00N,713346.00W
EMLOR,501202.7214N,0973859.8393W
EMLOS,464124.5942N,0804443.1052W
EMLUN,512529.7406N,1124455.0874W
EMLUS,614814.00N,72551.00W
EMLUT,564128.00N,10149.00W
EMODA,481918.00N,64454.00W
EMOKI,521124.1436N,1064852.9624W
EMONO,524159.00N,94913.00W
EMORU,512603.83N,1092715.39W
EMOSI,512151.00N,561938.00W
EMOXA,592253.00N,693315.00W
EMPEK,455459.0852N,0742041.1528W
EMPEN,512420.00N,555738.00W
EMPIK,45520.00N,644048.00W
EMPIL,533858.00N,77481.00W
EMPOG,505324.00N,1095031.00W
EMPOK,473130.00N,655659.00W
EMPOV,533633.0903N,1223522.8338W
EMPUD,505743.00N,1133317.00W
EMSOW,625731.00N,14100.00W
EMUDI,520456.4701N,1135421.3795W
EMUDO,60292.00N,1344253.00W
EMUPI,481517.00N,78411.00W
EMUSU,465903.577N,0704742.9592W
EMUTA,53444.00N,9071.00W
ENAGO,48432.00N,654620.00W
ENAMI,521358.00N,1135333.00W
ENARA,454343.00N,73429.00W
ENATI,674419.2941N,0635507.6529W
ENATU,51654.00N,913139.00W
ENAVA,541358.9892N,1302346.0297W
ENEBO,45620.00N,724551.00W
ENENA,521345.00N,942737.00W
ENNSO,553200N,0570000W
EPBED,541358.00N,110450.00W
EPLAK,534459.00N,734424.00W
EPLAN,523246N,1155947W
EPLAR,583658.00N,695928.00W
EPLEK,582155.00N,1093056.00W
EPLEN,483050.00N,683513.00W
EPLEX,554010.00N,1195345.00W
EPLID,523547.00N,1133617.00W
EPLIL,454633.00N,722736.00W
EPLIT,493052.00N,1173120.00W
EPLIV,704017.394N,0683555.0011W
EPLOB,465018.3094N,0710203.1178W
EPLOD,435715.5288N,0790041.0155W
EPLOG,490538.2151N,0804327.4172W
EPLOR,511925.00N,55475.00W
EPLOT,631018.00N,117252.00W
EPLOV,551057.3984N,1192335.3725W
EPLUN,461930.00N,625349.00W
EPLUV,534217.00N,784217.00W
EPMAS,49448.00N,77831.00W
EPMEG,47469.00N,525239.00W
EPMEK,592203.9523N,1071912.2385W
EPMEL,684418.00N,961345.00W
EPMEP,453418.00N,74224.00W
EPMIB,58855.00N,6841.00W
EPMIG,560623.1372N,1180414.3466W
EPMIV,461925.00N,822749.00W
EPMOS,704528.00N,117507.00W
EPMOT,473806.6565N,0523132.7079W
EPMOV,622419.2768N,1373130.0447W
EPMUP,532716.00N,88426.00W
EPMUS,50366.00N,101821.00W
EPMUT,544141.8044N,0944051.1686W
EPNAM,493539.00N,542921.00W
EPNAN,470733.5021N,0702640.2852W
EPNAP,495743.00N,100397.00W
EPNAT,491927.00N,98125.00W
EPNEK,48924.00N,642422.00W
EPNER,523417.00N,554758.00W
EPNIK,451851.7909N,0755411.1961W
EPNIM,565702.898N,1174656.0282W
EPNIN,523131.00N,561512.00W
EPNIX,49637.00N,551132.00W
EPNOD,711420.00N,79710.00W
EPNOG,434816.5847N,0660646.6744W
EPNOK,605043.4042N,1352751.0586W
EPNOL,521332.00N,553514.00W
EPNOT,580638.2367N,0682905.0305W
EPNOV,512006.4146N,0585503.9083W
EPNOX,795952.98N,0860804.69W
EPNUG,595526.00N,7021.00W
EPNUT,435036.6279N,0792125.5157W
EPRAB,53451.00N,78482.00W
EPRAN,42459.00N,812038.00W
EPRAR,561725.00N,614425.00W
EPRAT,624944.0894N,0921026.3201W
EPRAV,482755.00N,683122.00W
EPREN,455348.00N,824532.00W
EPRIK,534117.2515N,1135958.3867W
EPRIL,444626.00N,753821.00W
EPRIN,491236.4858N,1232306.4948W
EPROD,51493.00N,935048.00W
EPROK,634126.1449N,0682437.5166W
EPROM,524616.00N,56051.00W
EPROV,50116.00N,915652.00W
EPRUK,523753.00N,563141.00W
EPRUT,610241.6185N,1132829.2409W
EPRUV,524421.00N,67248.00W
EPSAD,522356.00N,553931.00W
EPSAR,473221.1N,0615612.7286W
EPSAS,483044.00N,775653.00W
EPSAT,445516.0426N,0761325.0304W
EPSAX,521419.00N,554117.00W
EPSEM,513148.00N,57645.00W
EPSER,502310.1629N,1192616.8994W
EPSIK,49244.00N,1254218.00W
EPSIP,642607.2602N,0962309.1159W
EPSOD,474526.00N,53212.00W
EPSOK,484706.3532N,1234634.3584W
EPSOR,533436.00N,1161158.00W
EPSUD,533853.00N,642445.00W
EPSUL,532204.3385N,1134156.2734W
EPSUN,435058.00N,794319.00W
EPSUX,453328.00N,75503.00W
EPTAD,593049.00N,1202516.00W
EPTAK,434343.0249N,0792700.8593W
EPTAL,52432.00N,561350.00W
EPTAT,534818.00N,732415.00W
EPTAV,542143.9689N,1283343.2979W
EPTEG,495738.00N,1104834.00W
EPTET,51292.00N,1125349.00W
EPTEX,642102.975N,1141458.9473W
EPTIB,521851.00N,55449.00W
EPTIN,53384.00N,77231.00W
EPTOM,425633.6654N,0821412.1927W
EPTUC,503129.1475N,0965430.8918W
EPTUG,483437.00N,123402.00W
EPVAB,53055.00N,911537.00W
EPVAG,473742.00N,52402.00W
EPVAK,552628.2687N,1111236.2601W
EPVAV,534844.00N,892638.00W
EPVES,494537.00N,87160.00W
EPVEV,525324.00N,1192140.00W
EPVIR,582929.0684N,0780214.8455W
EPVIT,453820.3975N,0731359.9088W
EPVOM,69912.00N,105184.00W
EPVOR,624741.9162N,0920419.2128W
EPVOS,455158.5521N,0632711.7983W
EPVUL,491550.9154N,0854646.1193W
EPVUP,490459.4626N,0805706.97W
EPVUR,524916.00N,891425.00W
ERBAD,493426.00N,822622.00W
ERBAG,500945.8717N,1203405.0874W
ERBAK,51365.00N,783150.00W
ERBAN,433315.00N,792852.00W
ERBAX,491953.00N,571153.00W
ERBED,800007.94N,0865937.63W
ERBEG,671222.1633N,1255827.2645W
ERBEK,435930.7882N,0790850.2746W
ERBEL,430407N,0812310W
ERBEM,58819.00N,684424.00W
ERBET,533345.00N,763053.00W
ERBEV,610703.8766N,0940604.4335W
ERBEX,551613.00N,1272224.00W
ERBIR,684826.00N,812415.00W
ERBIT,464431.00N,71314.00W
ERBOB,495430.00N,100129.00W
ERBON,47480.00N,533513.00W
ERBOT,555738.00N,1135728.00W
ERBUL,59913.00N,695039.00W
ERBUP,500942.7724N,0960942.2062W
ERBUS,434446.00N,794322.00W
ERDAL,571959.00N,119442.00W
ERDAP,502543.00N,1042348.00W
ERDED,521121.9906N,1064834.8225W
ERDEG,432642.00N,802541.00W
ERDEM,51928.00N,1023811.00W
ESKIE,531625N,1144108W
ESKIV,523228.00N,882860.00W
ESLAZ,45047.00N,744642.00W
ESPOX,543031.00N,1014433.00W
ESPUN,505957.0634N,1135819.0794W
ESPUR,761523.3431N,0823356.1273W
ESPUS,464435.0501N,0803344.2949W
ESPUT,473727.00N,654748.00W
ESRAM,541653.00N,1251352.00W
ESREM,452055.4345N,0754341.2891W
ESREN,672148.00N,1344637.00W
ESRIB,600842.6469N,1121351.5367W
ESRID,472657.00N,793853.00W
ESRIG,591310.0306N,1052753.3737W
ESRIL,512149.00N,902928.00W
ESRIX,483224.00N,71112.00W
ESROB,442714.9232N,0800925.0604W
ESROT,59192.00N,693519.00W
ESROX,444248.073N,0810934.0728W
ESRUB,501844.00N,1051349.00W
ESRUP,434859.073N,0790814.2007W
ESRUR,504047.00N,1272024.00W
ESRUV,45233.00N,761517.00W
ESTAP,743138.00N,95715.00W
ESTAT,463454.00N,674653.00W
ESTEL,455756.3745N,0741101.1997W
ESTEN,473323.00N,524237.00W
ESTEV,453510.00N,751227.00W
ESTIN,435101.4519N,0660646.5273W
ESTOM,530506.0703N,1132523.4806W
ESTUM,523336.00N,935143.00W
ESTUR,475545.00N,672433.00W
ESVEM,485359.6318N,1225830.5541W
ESVEX,563518.898N,1093829.9896W
ESVIB,531421.00N,1052330.00W
ESVIT,531629.5354N,1132748.1121W
ESVIV,485330.00N,86730.00W
ESVOD,474159.00N,8081.00W
ESVOS,443757.00N,80162.00W
ESVOV,513922.9806N,0570037.4615W
ESVUT,53215.00N,665314.00W
ETANG,543611.00N,1014232.00W
ETBAL,532647.4789N,1131543.4769W
ETBAN,522204.9998N,1221021.2788W
ETBAR,50855.00N,663316.00W
ETBEK,521725.00N,94226.00W
ETBEN,492418.00N,124221.00W
ETBIB,551607.068N,1272416.8856W
ETBID,431642.00N,81309.00W
ETBIL,485310.00N,55319.00W
ETBIX,54813.00N,1154622.00W
ETBOX,443137N,0800747W
ETBUB,471342.00N,675256.00W
ETBUR,535220.00N,895928.00W
ETBUT,723532.6283N,0780610.8877W
ETBUV,514425.00N,755123.00W
ETGAN,525831.00N,892038.00W
ETGAR,442509.5206N,0640946.8188W
ETGAS,443855.00N,795250.00W
ETGEK,441132.7182N,0812027.6677W
ETGEL,57211.00N,119440.00W
ETGEM,644456.6366N,1254835.1558W
ETGEP,462736.00N,8422.00W
ETGIG,463833.00N,81516.00W
ETGIM,472950.00N,695322.00W
ETGOK,443229.00N,665036.00W
ETGOV,591633.00N,693639.00W
ETGOX,435343.2627N,0792420.4942W
ETGUD,461654.00N,794045.00W
ETGUS,53568.00N,91812.00W
ETHIL,513427.00N,56158.00W
ETKAT,715920.00N,1252333.00W
ETKEL,482924.11N,0713445.6264W
ETKER,45287.00N,75476.00W
ETKIK,441624.00N,644632.00W
ETKIL,530403.3616N,0925555.3052W
ETKOV,520846.9576N,1050148.579W
ETKOX,514528.00N,913116.00W
ETKUG,493739.00N,741055.00W
ETKUT,64942.00N,954621.00W
ETKUV,641729.4264N,0960417.0286W
ETLAB,562721.9913N,0614705.5741W
ETLEM,492607.9559N,1125313.4423W
ETLEN,55530.00N,105167.00W
ETLER,434919N,0792845W
ETLES,453431.00N,72251.00W
ETLIL,59754.00N,694117.00W
ETLIN,503557.1148N,1115247.7755W
ETLOG,454230.00N,82112.00W
ETLOM,535944.00N,90552.00W
ETLUK,462934.00N,644621.00W
ETLUV,49622.00N,118816.00W
ETLUX,494721.0789N,1235929.6675W
ETMAD,483743.00N,581025.00W
ETMAR,564234N,1121710W
ETMAS,50544.00N,1192613.00W
ETMAX,524213.00N,891835.00W
ETMEN,542826.0842N,0941128.3715W
ETMEP,571519.00N,1192547.00W
ETMER,550612.1041N,1183250.738W
ETMIL,545022.9424N,1284906.2247W
ETMIM,62305.00N,1143321.00W
ETMOK,585751.00N,94161.00W
ETMUD,441143.00N,783331.00W
ETMUL,49059.00N,1225658.00W
ETNAD,561740.4379N,1091555.3923W
ETNAG,601045.00N,1291330.00W
ETNAT,502414.00N,1075133.00W
ETNEB,68759.00N,134390.00W
EXITS,46022.00N,645255.00W
EXTRO,44219.00N,78932.00W
FALIE,512831.00N,80199.00W
FALKE,554423.00N,98319.00W
FARGN,423642.19N,0794718.42W
FARLS,691215.00N,1052932.00W
FARUK,52920.00N,783156.00W
FAUNC,49014.00N,553124.00W
FAURE,635629.00N,684216.00W
FAWNS,445936.44N,0740525.18W
FAYOL,43334.00N,794657.00W
FAZEO,424544.00N,811353.00W
FEGUD,445151.00N,665531.00W
FELIN,575251.00N,683420.00W
FELLS,47150.00N,654321.00W
FENGO,623548.00N,1142746.00W
FEPNA,421047.00N,82553.00W
FERDS,60823.00N,1285813.00W
FESEN,704938.00N,1172560.00W
FESET,48198.00N,893242.00W
FF280,591332.2536N,1054055.3679W
FINET,554619.00N,975720.00W
FIORD,654612.00N,14100.00W
FIRME,41546.00N,83145.00W
FLAAM,512837.8N,1142810.8W
FORGS,57501.00N,684727.00W
FORJE,633846.00N,681846.00W
FOXTT,482842.00N,713224.00W
FRALY,434757.00N,795813.00W
FREMS,501339.00N,662239.00W
FRIED,541318.00N,1333756.00W
FULFO,451825.00N,735616.00W
FWBKB,423250.00N,794049.00W
FWDSY,43823.00N,79237.00W
GAAGE,420536.52N,0830242.14W
GABAB,4945.00N,57377.00W
GABAG,725530.6385N,0844923.3401W
GABAK,521830.00N,874254.00W
GABAP,445114.00N,63145.00W
GABDO,520616.6795N,1045257.9467W
GABDU,535118.5615N,1135154.82W
GABEB,533918.3431N,0570634.354W
GABEP,424011.00N,811951.00W
GABER,495215.2976N,1195629.3892W
GABEV,452848N,0755248W
GABGA,545819.00N,665633.00W
GABGI,453830.7682N,0734851.8623W
GABIB,535529.00N,131512.00W
GABID,441231.6444N,0782901.669W
GABIG,495756.00N,982237.00W
GABIK,463745.00N,562927.00W
GABIP,555743.00N,1133934.00W
GABIR,554449.00N,120311.00W
GABIV,494729.00N,98559.00W
GABLO,451758.4033N,0654940.0899W
GABLU,443247.00N,755740.00W
GABOM,484412.00N,68327.00W
GABON,53318.00N,933937.00W
GABOP,515016.4747N,1212459.6767W
GABOT,495140.00N,1193455.00W
GABOX,501414.00N,65550.00W
GABUD,532918.9834N,0555025.5663W
GABUK,461636.00N,672447.00W
GABUM,622331.00N,754734.00W
GABUR,483035.00N,89655.00W
GABUX,454142.1519N,0741933.264W
GABVA,61324.00N,714545.00W
GABVU,501151.00N,61116.00W
GADAG,493437.00N,113051.00W
GADAK,712733.00N,794653.00W
GADAP,615910.00N,755339.00W
GADAR,500726.463N,1253227.4769W
GADAS,483157.9739N,0714322.4752W
GADAV,50128.00N,1251534.00W
GADEG,491614.00N,1241232.00W
GADEN,441315.14N,0770632.81W
GADEP,46616.00N,644558.00W
GADES,443635.7959N,0795154.9757W
GADGU,532616.0018N,0554150.008W
GADIB,455610.00N,661412.00W
GADIN,580341.364N,1013626.9774W
GADIP,61032.00N,1345046.00W
GADIS,440708.7716N,0812345.7652W
GADIT,561814.244N,1210418.9125W
GADIV,462620.00N,755510.00W
GADIX,512817.00N,57945.00W
GADKI,502329.00N,6659.00W
GADKO,451931.00N,795152.00W
GADNI,502053.00N,1074625.00W
GADOG,434718.6149N,0795646.225W
GADOS,46187.00N,63125.00W
GADOX,49946.00N,675633.00W
GADUB,435706.44N,0774839.22W
GADUD,48519.00N,65311.00W
GADUK,495306.2273N,0915234.442W
GADUM,451615.00N,734958.00W
GADVU,534754.1047N,0915637.2709W
GAFNE,425651.00N,804952.00W
GAGBA,505204.4554N,1274244.5073W
GAGBI,533437.00N,772654.00W
GAGBO,6115.00N,935838.00W
GAGBU,46178.00N,595152.00W
GAGLU,483834.2565N,1232332.6537W
GAGMA,472560.00N,5240.00W
GAGMI,542309.3601N,1260005.9081W
GAGMO,481943.00N,703545.00W
GAGPO,433419N,0792452W
GAGRA,661436.00N,129415.00W
GAGRI,553622.00N,1063614.00W
GAINY,455429N,0740455W
GATCH,491510.00N,1232452.00W
GAURA,474311.00N,522958.00W
GAUTI,452814.00N,732841.00W
GAYBL,425000N,0620000W
GELBO,744726N,0723209W
GEMNI,414335.00N,824649.00W
GLASE,635757.00N,69129.00W
GNTRY,423035N,0814723W
GOATS,66509.00N,14100.00W
GOHMA,423654.19N,0823630.53W
GOLKE,44471.00N,632518.00W
GONEP,453741.00N,7440.00W
GONEV,482114.00N,89241.00W
GONEX,475645.00N,66331.00W
GONIN,52129.00N,761816.00W
GONIP,583144.00N,774340.00W
GONIR,49239.00N,122332.00W
GONIT,535310.3351N,0920349.7206W
GONOL,551815.00N,774510.00W
GONOM,694144.00N,934912.00W
GONON,52196.00N,1124359.00W
GONUL,60173.00N,123315.00W
GONUM,463559.5978N,0720020.763W
GONUN,525151.6813N,1050053.2168W
GOOSE,501344.00N,1051555.00W
GOOTH,4514.00N,7393.00W
GOPAB,663830.5172N,0913131.7308W
GOPAD,491951.00N,1222813.00W
GOPAG,510836.1175N,1140456.0287W
GOPAK,455015.062N,0823007.3199W
GOPAL,503318.87N,1053436.4W
GOPAV,504819.6001N,1180354.9448W
GOPEB,454424.00N,771110.00W
GOPED,494153.4266N,0972502.1613W
GOPEG,603542.7908N,1345846.0689W
GOPES,480042.0808N,0662726.1448W
GOPIT,435626.06N,0773155.04W
GOPOM,563153.3183N,0614110.5856W
GOPON,432410.00N,80339.00W
GOPOR,501327.2461N,0993133.1913W
GOPUK,672000N,1100000W
GOPUL,581855.00N,1093052.00W
GOPUM,473508.3755N,0530246.7901W
GOPUP,434347N,0813329W
GORAG,57360.00N,1051535.00W
GOREG,49935.00N,1224835.00W
GORIB,625402.4241N,0700131.038W
GORID,45448.00N,643841.00W
GORIK,614022.00N,73849.00W
GOROB,534359.9172N,0565500.8724W
GOROD,512041.00N,78596.00W
GORUB,443331.56N,0632417.63W
GORUX,463308.0262N,0753644.1145W
GOSAP,500114.2482N,1252246.3998W
GOSAS,532123.4155N,1174205.393W
GOSAT,534636.00N,1135228.00W
GOSEN,45822.00N,793839.00W
GOSER,54120.00N,1105825.00W
GOSES,541057.0546N,0581916.2923W
GOSOG,521417.4112N,1135333.6928W
GOSOL,535241.00N,901212.00W
GOSOM,511233.00N,1135824.00W
GOSUG,443336.00N,794653.00W
GOSUK,511722.701N,0584040.8408W
GOSUX,51813.00N,1131744.00W
GOTAD,493855.00N,1021813.00W
GOTAG,495532.57N,0965606.32W
GOTAT,48339.00N,681633.00W
GOTAX,5578.00N,123623.00W
GOTES,49143.00N,1225138.00W
GOTET,534037.00N,122452.00W
GOTIM,511212.00N,1165260.00W
GOTIN,453025.00N,753837.00W
GOTIP,52633.00N,1135332.00W
GOTIS,661411.00N,1281315.00W
GOTOK,485028.00N,123272.00W
GOTOM,58325.00N,684618.00W
GOTON,45517.00N,82127.00W
GOTUD,482254.00N,78613.00W
GOTUG,681836.00N,1331414.00W
GOTUK,494251.00N,871649.00W
GOTUL,591212.00N,120332.00W
GOTUX,505954.00N,1142243.00W
GOVAD,425146.00N,82746.00W
GOVAK,450553.7415N,0744046.6668W
GOVAV,485515.188N,1225507.687W
GOVAX,46103.00N,601740.00W
GOVEB,625845.00N,1165948.00W
GOVEX,453240.00N,752615.00W
GOVIB,524325.00N,904513.00W
GOVIS,485832.33N,1220848.48W
GOVIV,462055.00N,63642.00W
GOVON,57150.00N,110250.00W
GOVOR,444259.00N,654326.00W
GOVOS,462455.00N,754814.00W
GOVOT,434745.6022N,0595711.6461W
GOVUN,482524.00N,81291.00W
GOVUP,521546.00N,1281330.00W
GOXAM,631660.00N,1172946.00W
GOXAN,444351.8865N,0632857.4733W
GOXEB,48722.00N,71138.00W
GOXED,542845.74N,1102502.27W
GOXEG,494131.00N,741758.00W
GOXEV,504144.00N,1202416.00W
GOXEX,561923.00N,62231.00W
GOXIS,532206.19N,1132259.84W
GOXIV,691423.00N,1053655.00W
GOXOS,452154.00N,653831.00W
GOXOT,53432.00N,1223331.00W
GOXUN,491742.00N,1232050.00W
GOXUP,491923.00N,964134.00W
GOXUR,46323.00N,704623.00W
GREEG,465928.00N,71645.00W
GRIMM,561125.00N,1173349.00W
GRINS,471720.04N,0680732.77W
GROTH,551359.00N,1185848.00W
GRUUS,612059.5784N,1202745.1649W
GUBAL,434020.00N,791544.00W
GUBAM,48430.00N,64946.00W
GUBAN,54535.00N,1081357.00W
GUBED,47503.00N,693114.00W
GUBEK,422431.00N,815340.00W
GUBIB,462153.00N,595928.00W
GUBID,455534.00N,711215.00W
GUBIK,562552.8394N,1202320.1034W
GUBIX,523647.00N,1133617.00W
GUBOB,484655.00N,643311.00W
GUBOT,523148.00N,90725.00W
GUBOV,433615.00N,79245.00W
GUBUP,482329.597N,0812821.0554W
GUBUR,482441.00N,704154.00W
GUBUS,533447.00N,1135154.00W
GUDAN,463356.00N,744416.00W
GUDAP,49234.00N,57634.00W
GUDEK,730047.4784N,0854154.6198W
GUDEL,580519.32N,1163932W
GUDIG,505134.00N,1011828.00W
GUDIK,571217.00N,119335.00W
GUDOB,49144.00N,543211.00W
GUDOD,485658.9954N,1225226.0727W
GUDOG,513059N,1100000W
GUDOX,454025.00N,814715.00W
GUDUB,562517.7781N,1091753.1911W
GUFFY,452842.00N,66115.00W
GUNDR,491448.00N,1232918.00W
GWINE,512825.00N,803027.00W
HABBS,451219N,0742502W
HADRI,453720.00N,67244.00W
HAFIO,525639.00N,112353.00W
HAFIZ,453216.00N,723456.00W
HAGGA,424154N,0811327W
HAGUD,411131.75N,0802458W
HALEV,462738.3599N,0842638.4554W
HALIO,461059.00N,63193.00W
HAMES,433055.00N,80137.00W
HAMPO,531110.00N,1134424.00W
HAMST,453954.00N,66042.00W
HANCA,513121.00N,5778.00W
HANFO,562222.00N,102301.00W
HAPON,46330.00N,841047.00W
HARMA,6218.00N,754229.00W
HAROD,452230.00N,75585.00W
HASAM,471556.00N,68224.00W
HAULE,484759.00N,644454.00W
HAUSO,53325.00N,1135526.00W
HAVOC,661542.00N,1285645.00W
HAVON,483811.00N,68188.00W
HECIT,53714.00N,665354.00W
HELDS,512052.00N,80310.00W
HENTY,494828.00N,941331.00W
HERKI,435143.00N,793327.00W
HESIO,532845.00N,763028.00W
HETHN,452757.00N,631331.00W
HIBBE,46447.00N,713224.00W
HIDUB,425337.52N,0785327.98W
HIROS,581229.00N,681334.00W
HLDOL,483613.00N,932516.00W
HM760,431715.00N,795415.00W
HOBSO,4969.00N,681842.00W
HOCLE,484845.00N,645222.00W
HOFFS,434437.00N,794341.00W
HOIST,550200N,0570000W
HOLDY,462133.00N,755713.00W
HOLES,485301.31N,1224950.61W
HOLST,53542.00N,932750.00W
HONUV,485540.14N,1223559.89W
HOROW,444645.00N,634517.00W
HOTEL,73243.00N,764956.00W
HOUNT,4722.00N,55810.00W
HOWLE,461636.00N,631153.00W
HOWLS,474616.00N,511925.00W
HUNDS,51149.00N,804119.00W
HUPPE,691310.00N,1053227.00W
HUSSI,501255.00N,1231240.00W
HUTTN,63489.00N,69179.00W
HWKGV,631938.00N,14100.00W
HWYYN,431627.00N,79443.00W
IBERG,490000N,0520000W
ICHOL,423831.46N,0803013.99W
IGROG,521336.00N,874115.00W
IGROK,725952.9539N,0850038.3331W
IGROL,424403N,0813444W
IGROP,621626.2636N,1143533.0521W
IGROR,574616.722N,1015206.8362W
IGROX,69280.00N,133924.00W
IGRUB,535250.00N,1315812.00W
IGRUD,560734.3645N,1181801.689W
IGRUK,53121.00N,113348.00W
IGRUL,522158.00N,112038.00W
IGRUM,483452.00N,781649.00W
IGRUP,535243.0946N,1110455.1444W
IGRUR,493838.00N,108237.00W
IGRUS,515937.0574N,1135330.698W
IGRUT,481513.00N,535822.00W
IGRUX,50441.00N,1191337.00W
IGSAB,432152.00N,805837.00W
IGSAD,565817.00N,1112122.00W
IGSAL,483503.0441N,0715348.2072W
IGSAN,484559.00N,72647.00W
IGSAP,443101.4455N,0774046.1798W
IGSAV,534257.00N,95226.00W
IGSEB,435418N,0771948W
IGSED,493854.1241N,0834439.6671W
IGSEG,525151.5866N,1043413.0805W
IGSEK,483949.00N,782617.00W
IGSEN,465858.00N,653310.00W
IGSEP,475922.00N,651156.00W
IGSES,545944.00N,1272555.00W
IGSEV,542517.00N,1283428.00W
IGSIB,550807.223N,0590209.5471W
IGSIG,543954.00N,1131218.00W
IGSIK,435153.9886N,0793600.7289W
IGSIL,554444.00N,120540.00W
IGSIM,44536.00N,791660.00W
IGSIN,493519.00N,983956.00W
IGSIR,52209.00N,1281723.00W
IGSIT,510044.968N,1212914.4687W
IGSIV,465903.6498N,0653249.3679W
IGSOB,501324.71N,1194203.9W
IGSOD,522930N,1160744W
IGSOG,441126.00N,78611.00W
IGSOK,61399.00N,732719.00W
IGSOL,53118.00N,1111448.00W
IGSON,431056.57N,0801638.49W
IGSOV,515907.326N,1143800.1192W
IGSOX,530703N,1130410W
IGSUD,504833.00N,101182.00W
IGSUG,481948.00N,70513.00W
IGSUK,452534.00N,713936.00W
IGSUM,535804.8211N,1234251.1125W
IGSUN,494547.6113N,1122407.3828W
IGSUR,491743.00N,98213.00W
IGSUS,593937.00N,1183024.00W
IGSUV,48429.00N,80115.00W
IGTAB,495143.00N,125712.00W
IGTAG,49326.00N,1215818.00W
IGTAL,595410.7026N,0771054.986W
IGTAM,535255.0602N,1011003.004W
IGTAP,60541.00N,775147.00W
IGTAR,514730.9277N,1142105.9639W
IGTAT,54912.00N,1084848.00W
IGTAV,543828.00N,126525.00W
IGTAX,463618.00N,804228.00W
IGTEB,504134.00N,1202319.00W
IGTEG,562256.11N,0614227.2795W
IGTEL,474914.00N,70042.00W
IGTEM,56936.00N,1134847.00W
IGTEN,571437.6672N,1024953.4458W
IGTER,444618.00N,792225.00W
IGTES,493342.00N,981633.00W
IGTET,564627.00N,101411.00W
IGTEV,570759.5276N,1093238.1368W
IGTEX,45143.00N,642217.00W
IGTID,60289.00N,1344737.00W
IGTIK,56939.00N,1131859.00W
IGTIL,434440.714N,0795318.1969W
IGTIN,572823.00N,1114044.00W
IGTIP,572830.00N,1104919.00W
IGTIS,624738.8204N,1370631.865W
IGTIT,562226.8817N,0614534.6545W
IGTIV,504851.4462N,1273642.477W
IGTIX,540230.4667N,1282149.1585W
IGTOB,490131.9468N,1225933.9183W
IGTOD,513354.00N,1144247.00W
IGTOG,473639.9274N,0684208.3492W
IGTOK,481847.00N,534958.00W
IGTOM,49168.00N,98348.00W
IGTON,435722.00N,661328.00W
IGTOR,594739.3226N,1332716.2485W
IGTOT,561732.4715N,1205019.9166W
IGTOV,494615.00N,971715.00W
IGTOX,59379.00N,1181110.00W
IGTUB,474631.6213N,0844815.6139W
IGTUD,462425.00N,625511.00W
IGTUG,514817.3492N,1144137.9721W
IGTUL,433636N,0791308W
IGTUM,681716.00N,134221.00W
IGTUP,534240.7001N,0564319.2902W
IGTUT,425939.00N,80149.00W
IGTUV,534859.0253N,0892733.0001W
IGVAB,593841.00N,118234.00W
IGVAD,432736.00N,803915.00W
IGVAG,514852.00N,934149.00W
IGVAK,492352.00N,975053.00W
IGVAL,475225.00N,795013.00W
IGVAN,491259.975N,1232636.2813W
IGVAR,502237.00N,595031.00W
IGVAS,492043.253N,1232233.4781W
IGVAT,453920.00N,61715.00W
IGVAX,592117.3897N,1204115.6903W
IGVEB,452644.00N,724060.00W
IGVEK,622624.4316N,1142620.0172W
IGVEL,514143.8042N,0853724.2966W
IGVEN,511033.00N,1165112.00W
IGVEP,504228.2N,1143928.8W
IGVET,421611.00N,8286.00W
IGVEV,534330.00N,73221.00W
IGVEX,501440.00N,1043420.00W
IGVIB,582330.2497N,1185735.5786W
IGVIG,654434.3649N,1063330.2348W
IGVIL,451045.00N,791420.00W
IGVIM,562831.5265N,0793316.0168W
IGVIN,53649.00N,67211.00W
IGVIR,450527.3352N,0743509.9336W
IGVIS,494844.00N,77535.00W
IGVIT,461252.00N,64436.00W
IGVOB,494625.891N,1202953.2417W
IGVOD,474311.00N,522958.00W
IGVOK,532342.417N,0553439.5607W
IGVOM,532438.00N,1114530.00W
IGVON,562341.1253N,1150402.0628W
IGVOP,45330.00N,633838.00W
IGVOS,492851.00N,975257.00W
IGVOT,563411.122N,0614041.6185W
IGVOV,664443.4916N,0914318.4868W
IGVOX,554114.8603N,1102545.6089W
IGVUB,48274.00N,683226.00W
IGVUD,445022.3174N,0752807.2447W
IGVUG,51841.00N,914812.00W
IGVUK,455829.00N,604427.00W
IGVUV,615016.00N,1315929.00W
IGVUX,524613N,1124248W
IKBAB,534524.00N,732814.00W
IKBAG,560316.2017N,1184749.2618W
IKBAL,531833.00N,1132233.00W
IKBAM,43358.00N,792921.00W
IKBAP,501128.7564N,0863412.6819W
IKBAR,651327.5214N,0961443.5408W
IKBAS,461912.00N,744814.00W
IKBAT,432939N,0801021W
IKBAV,451357.00N,724818.00W
IKBAX,52928.00N,76563.00W
IKBED,43520.00N,792119.00W
IKBEL,454857.5595N,0744211.0852W
IKBEP,532924.00N,112011.00W
IKBER,725127.961N,0775835.7994W
IKBES,483749.00N,812028.00W
IKBET,511822.00N,1133355.00W
IKBEV,442435.00N,794839.00W
IKBIG,544126.5498N,1284927.2236W
IKBIK,442424.897N,0800859.1801W
IKBIL,571823.6315N,1101131.5744W
IKBIM,464632.00N,711536.00W
IKBIN,554044.4423N,1110950.4372W
IKBIP,472013.00N,615655.00W
IKBIR,55239.00N,1183859.00W
IKBIS,50134.00N,1254056.00W
IKBIT,461415.00N,632037.00W
IKBOB,435635.2313N,0815005.4761W
IKBOD,561102.6529N,1203840.6129W
IKBOK,455829.00N,705334.00W
IKBOL,523630.5111N,0722259.612W
IKBOM,53920.00N,90346.00W
IKBON,504358.00N,120467.00W
IKBOP,50427.00N,117554.00W
IKBOS,443132.17N,0632725.98W
IKBOT,524615.6937N,0754703.4131W
IKBOV,592433.5247N,1072937.5091W
IKBUB,47426.00N,525148.00W
IKBUD,611426.00N,941520.00W
IKBUG,485926.708N,0791237.8759W
IKBUK,473627.00N,65583.00W
IKBUL,463043.00N,705739.00W
IKBUR,823022.61N,0602644.77W
IKDAD,53145.00N,931237.00W
IKDAG,52320.00N,783245.00W
IKDAK,523056.138N,0560802.1488W
IKDAL,463422.00N,674236.00W
IKDAN,54347.00N,1265035.00W
IKDAP,531305.0571N,1054423.4324W
IKDAR,553015.7867N,1112045.8592W
IKDAS,491439.00N,974042.00W
IKDAV,511049.3143N,0933242.807W
IKDAX,53142.00N,893356.00W
IKDEB,465714.00N,71929.00W
IKDED,482927.00N,892152.00W
IKDEG,47441.00N,653137.00W
IKDEM,455544.977N,0644552.078W
IKDER,57174.00N,1114327.00W
IKDET,44397.00N,66522.00W
IKDEV,434252.00N,793619.00W
IKDIL,531045.9943N,1314327.2706W
IKDIN,552941.00N,122711.00W
IKDIP,600457.7587N,1321829.6408W
IKDIS,505749.00N,1132523.00W
IKDIT,525135.00N,664939.00W
IKDOG,510923.6974N,1140707.1563W
IKDOK,605136.3314N,1232216.493W
IKDOL,52955.00N,1134222.00W
IKDOP,434313.00N,792540.00W
IKDOS,475029.00N,671156.00W
IKDOT,434151.8615N,0800514.9717W
IKDUD,571955.00N,1113323.00W
IKDUG,524111.00N,903752.00W
IKDUK,494501.34N,0743244.9437W
IKDUM,592416.3482N,1204552.5061W
IKDUR,561610.7393N,0622405.7648W
IKDUS,575028.00N,1045925.00W
IKDUT,513329.0634N,0560222.3131W
IKDUX,493831.00N,1243348.00W
IKLAD,534923.7919N,1010420.2133W
IKLAG,483733.00N,123416.00W
IKLAK,565625.00N,1111950.00W
IKLAM,462645.00N,792458.00W
IKLAN,534646.00N,1134725.00W
IKLAR,680000N,0900000W
IKLAS,584837.2302N,1225813.6819W
IKLAT,484448.00N,782338.00W
IKLAV,563719.00N,126261.00W
IKLAX,445936N,0754448W
IKLEB,51569.00N,94835.00W
IKLED,451950.00N,79522.00W
IKLEG,491329.00N,98857.00W
IKLEL,58855.00N,681942.00W
IKLEN,440322N,0794049W
IKLEP,660448.3942N,0661119.3534W
IKLER,484660.00N,1232435.00W
IKLEV,592741.00N,693038.00W
IKLEX,58115.00N,1042921.00W
IKLIB,53183.00N,1052111.00W
IKLIG,613358.297N,1210037.9828W
IKLIM,495501.6155N,1251308.3534W
IKLIP,53575.00N,132241.00W
IKLIR,430844.5268N,0791515.3006W
IKLIS,48635.00N,65355.00W
IKLIT,543557.00N,705435.00W
IKLIX,593318.1N,1083103.3W
IKLOG,435745.7207N,0785121.2596W
IKLOL,48557.00N,705311.00W
IKLON,443419.3704N,0811104.8852W
IKLOP,43220.00N,80758.00W
IKLOR,531833.00N,110827.00W
IKLOT,532645.00N,884232.00W
IKLOV,650307.5922N,0953418.516W
IKLOX,531502.0023N,1124910.0781W
IKLUD,522128.797N,0971746.4834W
IKLUK,565757.00N,113230.00W
IKLUL,555405.5295N,0605451.914W
IKLUM,481741.1382N,1231135.8135W
IKLUN,63355.00N,111636.00W
IKLUR,421157.00N,821415.00W
IKLUS,540305.5514N,1235506.7394W
IKMAD,461150.00N,63845.00W
IKMAL,444321N,0811032W
IKMAR,495815.00N,993413.00W
IKMAV,441138.00N,80319.00W
IKMED,512648.00N,902129.00W
IKMEG,64303.00N,110826.00W
IKMEK,542957.7N,1102519.12W
IKMEL,534554.00N,77543.00W
IKMEM,504013.00N,1201527.00W
IKMEP,582811.0093N,1170120.6602W
IKMER,520753.9769N,1064045.3125W
IKMEV,525109.3749N,1021025.4869W
IKMEX,432846.00N,79234.00W
IKMIB,541316.00N,1105348.00W
IKMID,432536.00N,802854.00W
IKMIG,523330.00N,882059.00W
IKMIP,441251.2371N,0813824.8798W
IKMIS,540633.7591N,1283543.9719W
IKMIX,525351.00N,1112549.00W
IKMOB,533358.00N,641115.00W
IKMOD,45035.00N,64539.00W
IKMOK,433955N,0803022W
IKMOL,464134.0664N,0753044.4892W
IKMOM,641132.00N,76545.00W
IKMOP,515615.5619N,1192213.6454W
IKMOV,53753.00N,933621.00W
IKMUB,481434.00N,70576.00W
IKMUN,48229.00N,583515.00W
IKMUP,642825.00N,1094538.00W
IKMUV,491412.00N,1234256.00W
IKMUX,621456.5778N,1333443.0336W
IKNAD,442122.5288N,0814546.0495W
IKNAG,57438.00N,1133054.00W
IKNAK,645034.5873N,1250854.238W
IKNAS,543030.2113N,0980019.4663W
IKNAV,425743N,0785804W
IKNEB,541817.00N,1103633.00W
IKNEG,514041.00N,913333.00W
IKNEL,491214.00N,97587.00W
IKNEM,54443.00N,972859.00W
IKNEP,602530.00N,135146.00W
IKNER,495640.9766N,1190108.5425W
IKNET,564149.5644N,1152908.1366W
IKNEX,535400.2172N,0922731.1773W
IKNIB,491545.00N,571831.00W
IKNIK,461428.00N,72533.00W
IKNIL,444125.8912N,0633125.0996W
IKNIM,481938.00N,703832.00W
IKNIN,490915.8037N,0845128.6534W
IKNIP,512232.8763N,0584806.42W
IKNIR,534536.00N,1132425.00W
IKNIS,532615.8093N,1172308.819W
IKNIV,442836.00N,794628.00W
IKNOB,543939.2459N,0972302.1473W
IKNOD,48814.00N,79243.00W
IKNOG,655416.46N,0583500.57W
IKNON,452748.00N,753936.00W
IKNOP,74528.00N,95262.00W
IKNOS,492910.00N,124266.00W
IKNOT,63367.00N,110424.00W
IKNOV,563507N,1110041.74W
IKNOX,462146.00N,63229.00W
IKNUG,661945.2294N,0653507.7628W
IKNUK,492548N,1120743W
IKNUM,463555.00N,674047.00W
IKNUS,571942.7587N,1092807.156W
IKNUV,510140.5764N,1135925.7357W
IKNUX,492849.00N,9808.00W
IKPAD,491229.846N,1024930.8702W
IKPAG,62187.00N,111018.00W
IKPAL,530313.4529N,1312601.9029W
IKPAM,57320.00N,1183733.00W
IKUNU,545847.4744N,0951057.7333W
IKUPA,46188.00N,724537.00W
IKUPI,494925.5708N,1242724.417W
IKURI,49018.00N,1223930.00W
IKURO,522154.00N,1123934.00W
IKUSI,473157.00N,61584.00W
IKUSO,491445.2789N,0822949.7844W
IKUSU,52418.00N,942046.00W
IKUVI,545727.00N,1121158.00W
IKUXA,62121.00N,1324149.00W
IKUXO,544558.00N,101392.00W
ILABO,541846.2158N,0980114.7153W
ILADA,511836N,1105304W
ILADI,60733.00N,1324913.00W
ILADU,582720.00N,1191515.00W
ILAGI,535336.00N,911724.00W
ILAKA,442148.00N,763629.00W
ILAKI,490341.9142N,1024423.3243W
ILAKO,540631.1912N,1303504.0691W
ILALA,42139.00N,823142.00W
ILANI,432923.5765N,0795552.1923W
ILANO,521047.00N,1113444.00W
ILAPO,581015.47N,1164903.7W
ILASI,5693.00N,1205343.00W
ILAVA,640835.7344N,1135555.9821W
ILAVO,555630.9113N,0611948.4308W
ILAXA,512813.00N,1124438.00W
ILAXI,434548.00N,814245.00W
ILAXU,531626.00N,603025.00W
ILEBA,503016.3931N,1114507.552W
ILEBI,495853.00N,914119.00W
ILEBU,71188.00N,795657.00W
ILEDU,583844.6349N,1012540.5184W
ILEGI,433522.00N,791442.00W
ILEKI,481349.00N,782822.00W
ILEMA,494423.00N,932334.00W
ILEMO,643652.00N,1104154.00W
ILEMU,451515N,0765244W
ILENI,484748.00N,64927.00W
ILEPA,500151.2431N,1091358.4864W
ILEPI,491206.0416N,1231835.9716W
ILEPU,45942.00N,761140.00W
ILERI,5703.00N,1133432.00W
ILERO,455209.8927N,0712857.5096W
ILESA,582001.2195N,1302350.6774W
ILETA,621417.365N,1334702.077W
ILETI,684816.00N,96530.00W
ILETO,683334.00N,955130.00W
ILEXU,484611.7659N,0643320.1896W
ILIBU,46552.00N,60834.00W
ILIGU,503349.00N,1132511.00W
ILIKI,452613.6508N,0754508.539W
ILILA,45950.00N,725245.00W
ILILI,681201.8038N,1063616.496W
ILIMO,432118.00N,791220.00W
ILINO,543423.66N,1103446.32W
ILIPA,49353.00N,1244836.00W
ILIRO,463746.00N,64324.00W
ILITA,54732.00N,122445.00W
ILIVA,642916.399N,0960114.7746W
ILIVI,572234.00N,1194743.00W
ILIVO,441845.00N,8139.00W
ILIXA,462440.00N,63551.00W
ILIXO,493024.00N,824024.00W
ILOBU,521420.5932N,1220856.126W
ILODA,51854.00N,1164924.00W
ILODI,501030.00N,863132.00W
ILODU,422028.00N,82122.00W
ILOGA,511017.5529N,1140935.8473W
ILOGI,452658.00N,754422.00W
ILOGO,460112.1119N,0704939.4055W
ILOKO,672338.4119N,0641541.7939W
ILOKU,575146.00N,1043043.00W
ILOMA,58318.00N,94018.00W
ILONI,470259.8617N,0702351.8493W
ILONO,551951.00N,105530.00W
ILOPI,521633.00N,1101030.00W
ILOPU,43945.00N,811955.00W
ILOSA,503619N,1131325W
ILOSI,473717.00N,673250.00W
ILOSO,502716.00N,1191133.00W
ILOTA,445231.1431N,0634853.9547W
ILOTO,48242.00N,123246.00W
ILOTU,68142.00N,1325714.00W
ILOXA,583120.00N,1193232.00W
ILOXI,60922.00N,112938.00W
ILSAA,482359.79N,1214252.5W
ILUBI,495546.00N,93354.00W
ILUBO,45236.00N,753631.00W
ILUDO,502038.5404N,1191520.5159W
ILUDU,503218.00N,1114021.00W
ILUGA,434843.00N,785656.00W
ILUKA,541057.00N,1155115.00W
ILULO,462913.00N,644758.00W
ILULU,54112.00N,1101143.00W
ILUMI,44554.00N,643912.00W
ILUMU,483341.00N,812240.00W
ILUNA,493640.00N,102939.00W
ILUPI,605936.00N,775230.00W
ILUPO,463347.00N,80331.00W
ILURO,463116.00N,722548.00W
ILURU,524138.8032N,0761305.879W
ILUSI,440847N,0785556W
ILUSU,510314.47N,1140724.33W
ILUTA,493142.00N,1232639.00W
ILUTI,6074.00N,1284930.00W
ILUTU,534214.00N,112333.00W
ILUVA,473733.64N,0525451.43W
ILUVI,425716.00N,8229.00W
ILUVO,473838.00N,695017.00W
ILUXO,552826.1936N,1102425.2865W
ILUXU,49210.00N,12300.00W
IMABO,58294.00N,104125.00W
IMADO,512458.923N,0584108.192W
IMAGI,463339.2686N,0805105.226W
IMAGO,474738.00N,795417.00W
IMAGU,534932.00N,94334.00W
IMAKI,553517.00N,1215236.00W
IMAKU,50382.00N,1191013.00W
IMALA,504116.0756N,1273320.4841W
IMAMA,464417.8216N,0674639.1893W
IMAMI,582057.00N,10479.00W
IMANO,445617.00N,633623.00W
IMAPU,582612.1702N,1013027.1052W
IMASI,494028.00N,773942.00W
IMATU,54548.00N,114658.00W
IMAVA,414646.00N,823622.00W
IMAVO,515954.00N,1013023.00W
IMAVU,491141.5524N,1184251.1822W
IMAXA,452322.00N,63351.00W
IMEBA,441458N,0790316W
IMEBU,443521.00N,805014.00W
IMEDI,484946.00N,1232120.00W
IMEDU,685153.00N,81448.00W
IMEGA,495431.00N,925944.00W
IMEKI,575821.00N,105527.00W
IMEKO,495712.958N,1195027.6325W
IMELI,461346.1299N,0791532.9554W
IMELO,45376.00N,61390.00W
IMEMO,435917.3334N,0784952.5295W
IMENA,544244.00N,1115435.00W
IMENI,535445.00N,79837.00W
IMEPI,454042.00N,731022.00W
IMEPO,681213.00N,1063537.00W
IMERO,461532.6929N,0642930.9187W
IMERU,54548.00N,1142325.00W
IMESA,501549.00N,635924.00W
IMESO,491622.00N,1231010.00W
IMESU,595003.3322N,1114827.695W
IMEVI,531305.1203N,1053744.1896W
IMEVU,452418.00N,742149.00W
IMEXI,624736.853N,1355644.8532W
IMIDI,451738.00N,795054.00W
IMIDO,483020.00N,681945.00W
IMIGO,583858.00N,935855.00W
IMIKO,510451.448N,0934025.7082W
IMILI,61754.00N,694011.00W
IMILU,554060.00N,1064629.00W
IMIMI,483930.00N,1234149.00W
IMIPA,482658.00N,683329.00W
IMIPO,49015.00N,123113.00W
IMIRI,545308.9287N,0952234.2812W
IMISA,605621.8224N,1345713.0127W
IMISO,575744.00N,1042951.00W
IMITU,491751.00N,1231826.00W
IMIVO,63736.00N,1164942.00W
IMIXO,464040.00N,713512.00W
IMOBA,463037.667N,0843752.5105W
IMOBO,502517.00N,661837.00W
IMOBU,671105.2011N,1262355.3035W
IMODO,684916.3792N,0812536.3491W
IMOGI,485018.00N,79851.00W
IMOGU,565925.00N,113843.00W
IMOKA,512030.1063N,1124455.2685W
IMOKI,534638.00N,891859.00W
IMOKO,504129.3672N,1272622.1881W
IMOLU,531853.00N,1131652.00W
IMOMO,601536.00N,1232449.00W
IMONU,510436.9455N,1135925.4559W
IMOPA,472230.4885N,0615230.4342W
IMOPU,562539.00N,943721.00W
IMORI,494026.00N,112931.00W
IMORU,604229.00N,1153642.00W
IMOSA,465340.00N,555125.00W
IMOTA,515500N,1080000W
IMOTI,492337.00N,123453.00W
IMOTO,584725.00N,694824.00W
IMOVA,464551.00N,714211.00W
IMOVI,524752.9008N,1223014.146W
IMOVU,511908.9067N,1022232.5267W
IMPOR,483741.0702N,1230712.6961W
IMUBA,454644.00N,82203.00W
IMUBI,60022.00N,70022.00W
IMUDI,5117.00N,912512.00W
IMUGI,553846.1877N,1080232.1314W
IMUGU,540102.0303N,1114138.7164W
IMUKA,584230.00N,69539.00W
IMUKO,504448.00N,1204436.00W
IMUKU,543413.00N,1131217.00W
IMULA,481721.00N,775124.00W
IMUMA,440045.6364N,0661113.3807W
